dhe531_24_2.cnv
* Sea-Bird SBE 9 Data File:
* FileName = C:\CTD\HE-531\conf1\raw\HE531_25_1.hex
* Software Version Seasave V 7.23.1
* Temperature SN = 5354
* Conductivity SN = 2470
* Number of Bytes Per Scan = 40
* Number of Voltage Words = 5
* Number of Scans Averaged by the Deck Unit = 1
* NMEA Latitude = 54 04.41 N
* NMEA Longitude = 008 14.31 E
* NMEA UTC (Time) = Apr 30 2019  12:04:14
* NMEA baud rate = 4800
** Ship: RV Heincke
** Cruise: HE-531
**   PChoudhary
** HE531_25_1
# nquan = 26
# nvalues = 58                          
# units = specified
# name 0 = prDM: Pressure, Digiquartz [db]
# name 1 = t090C: Temperature [ITS-90, deg C]
# name 2 = t190C: Temperature, 2 [ITS-90, deg C]
# name 3 = c0mS/cm: Conductivity [mS/cm]
# name 4 = c1mS/cm: Conductivity, 2 [mS/cm]
# name 5 = sal00: Salinity, Practical [PSU]
# name 6 = sal11: Salinity, Practical, 2 [PSU]
# name 7 = scan: Scan Count
# name 8 = altM: Altimeter [m]
# name 9 = sbeox0ML/L: Oxygen, SBE 43 [ml/l]
# name 10 = sbeox1ML/L: Oxygen, SBE 43, 2 [ml/l]
# name 11 = flECO-AFL: Fluorescence, WET Labs ECO-AFL/FL [mg/m^3]
# name 12 = CStarTr0: Beam Transmission, WET Labs C-Star [%]
# name 13 = svCM: Sound Velocity [Chen-Millero, m/s]
# name 14 = sigma-é00: Density [sigma-theta, kg/m^3]
# name 15 = sigma-é11: Density, 2 [sigma-theta, kg/m^3]
# name 16 = v0: Voltage 0
# name 17 = v1: Voltage 1
# name 18 = v2: Voltage 2
# name 19 = v3: Voltage 3
# name 20 = v4: Voltage 4
# name 21 = v5: Voltage 5
# name 22 = v6: Voltage 6
# name 23 = v7: Voltage 7
# name 24 = nbin: number of scans per bin
# name 25 = flag: flag
# span 0 =      2.400,     13.800       
# span 1 =     9.5210,    10.5331       
# span 2 =     9.5117,    10.5330       
# span 3 =  33.085887,  34.384824       
# span 4 =  33.084581,  34.395578       
# span 5 =    29.4926,    31.6500       
# span 6 =    29.4917,    31.6692       
# span 7 =       2503,       4605       
# span 8 =       2.80,      14.16       
# span 9 =    6.19539,    6.72269       
# span 10 =    6.24610,    6.81424      
# span 11 =     1.1466,     3.5932      
# span 12 =    33.2958,    67.6111      
# span 13 =    1484.24,    1485.14      
# span 14 =    22.5689,    24.4149      
# span 15 =    22.5683,    24.4313      
# span 16 =     0.1402,     0.7081      
# span 17 =     0.0000,     0.0000      
# span 18 =     1.5675,     3.1780      
# span 19 =     0.0729,     0.1707      
# span 20 =     0.0000,     0.0000      
# span 21 =     0.0000,     0.0000      
# span 22 =     2.5005,     2.6813      
# span 23 =     2.5275,     2.7206      
# span 24 =          0,          6      
# span 25 = 0.0000e+00, 0.0000e+00      
# interval = decibars: 0.2              
# start_time = Apr 30 2019 12:04:14 [NMEA time, header]
# bad_flag = -9.990e-29
*END*
      2.400    10.5316    10.5319  33.086052  33.085045    29.4940    29.4929       2503      14.16    6.67494    6.77428     1.2787    67.2526    1485.10    22.5703    22.5693     0.7081     0.0000     3.1612     0.0781     0.0000     0.0000     2.6745     2.7155          2 0.0000e+00
      2.600    10.5326    10.5326  33.085888  33.084579    29.4930    29.4918       2519      14.14    6.67393    6.77505     1.1792    67.3375    1485.11    22.5693    22.5684     0.7073     0.0000     3.1652     0.0742     0.0000     0.0000     2.6737     2.7155          4 0.0000e+00
      2.800    10.5331    10.5302  33.085911  33.086552    29.4926    29.4956       2534      14.05    6.66287    6.77730     1.1466    67.2791    1485.11    22.5689    22.5717     0.7025     0.0000     3.1624     0.0729     0.0000     0.0000     2.6724     2.7155          3 0.0000e+00
      3.000    10.5296    10.5281  33.088425  33.087746    29.4979    29.4985       2553      13.81    6.66862    6.78127     1.2314    67.6111    1485.11    22.5736    22.5744     0.6904     0.0000     3.1780     0.0762     0.0000     0.0000     2.6731     2.7161          4 0.0000e+00
      3.200    10.5261    10.5251  33.091297  33.090981    29.5036    29.5041       2577      13.49    6.68387    6.78623     1.4402    67.5285    1485.11    22.5786    22.5792     0.6746     0.0000     3.1741     0.0846     0.0000     0.0000     2.6741     2.7168          2 0.0000e+00
      3.400    10.5236    10.5233  33.094193  33.092979    29.5084    29.5074       2595      13.28    6.68570    6.78338     1.3938    67.5957    1485.11    22.5828    22.5821     0.6640     0.0000     3.1773     0.0827     0.0000     0.0000     2.6749     2.7161          4 0.0000e+00
      3.600    10.5234    10.5207  33.094650  33.096302    29.5089    29.5128       2613      13.08    6.69059    6.77755     1.5066    67.5007    1485.11    22.5832    22.5867     0.6541     0.0000     3.1728     0.0873     0.0000     0.0000     2.6759     2.7159          3 0.0000e+00
      3.800    10.5223    10.5181  33.096188  33.098766    29.5112    29.5174       2627      12.92    6.68725    6.77844     1.5294    67.4566    1485.11    22.5852    22.5907     0.6460     0.0000     3.1708     0.0882     0.0000     0.0000     2.6755     2.7161          4 0.0000e+00
      4.000    10.5215    10.5245  33.097324  33.094105    29.5129    29.5073       2646      12.69    6.68451    6.77711     1.5228    67.3440    1485.12    22.5867    22.5817     0.6343     0.0000     3.1655     0.0879     0.0000     0.0000     2.6758     2.7155          4 0.0000e+00
      4.200    10.5236    10.5330  33.095600  33.085590    29.5094    29.4917       2666      12.43    6.67878    6.78019     1.4018    67.3391    1485.12    22.5836    22.5683     0.6218     0.0000     3.1652     0.0830     0.0000     0.0000     2.6752     2.7164          3 0.0000e+00
      4.400    10.5282    10.5313  33.091511  33.087379    29.5014    29.4948       2680      12.23    6.67832    6.78658     1.4128    67.3964    1485.13    22.5767    22.5709     0.6116     0.0000     3.1679     0.0835     0.0000     0.0000     2.6752     2.7167          5 0.0000e+00
      4.600    10.5308    10.5299  33.089684  33.088673    29.4974    29.4972       2694      12.06    6.68291    6.78740     1.4214    67.0539    1485.14    22.5731    22.5731     0.6032     0.0000     3.1518     0.0838     0.0000     0.0000     2.6756     2.7167          3 0.0000e+00
      4.800    10.5289    10.5274  33.091560  33.092602    29.5007    29.5030       2707      11.84    6.68316    6.78458     1.4079    67.2123    1485.14    22.5760    22.5780     0.5921     0.0000     3.1593     0.0833     0.0000     0.0000     2.6752     2.7167          4 0.0000e+00
      5.000    10.5211    10.5036  33.100449  33.116837    29.5159    29.5468       2728      11.65    6.68840    6.78506     1.4319    67.2630    1485.14    22.5891    22.6160     0.5825     0.0000     3.1617     0.0843     0.0000     0.0000     2.6760     2.7167          3 0.0000e+00
      5.200    10.5111    10.5059  33.110691  33.114864    29.5344    29.5428       2747      11.46    6.69725    6.79413     1.4718    67.1771    1485.12    22.6051    22.6125     0.5729     0.0000     3.1576     0.0859     0.0000     0.0000     2.6773     2.7180          5 0.0000e+00
      5.400    10.5099    10.5014  33.111919  33.119846    29.5364    29.5514       2760      11.35    6.70586    6.79488     1.5138    67.2935    1485.12    22.6069    22.6199     0.5675     0.0000     3.1631     0.0875     0.0000     0.0000     2.6792     2.7179          2 0.0000e+00
      5.600    10.5075    10.4932  33.115116  33.129726    29.5416    29.5679       2768      11.20    6.70132    6.79321     1.5316    67.3690    1485.13    22.6113    22.6341     0.5601     0.0000     3.1667     0.0883     0.0000     0.0000     2.6781     2.7179          3 0.0000e+00
      5.800    10.4944    10.4874  33.130424  33.134815    29.5675    29.5776       2780      11.01    6.69712    6.79018     1.6242    67.4865    1485.12    22.6337    22.6427     0.5507     0.0000     3.1722     0.0920     0.0000     0.0000     2.6777     2.7179          3 0.0000e+00
      6.000    10.4949    10.4869  33.128967  33.136219    29.5655    29.5793       2789      10.86    6.69042    6.78937     1.6221    67.4104    1485.12    22.6320    22.6440     0.5432     0.0000     3.1686     0.0919     0.0000     0.0000     2.6771     2.7176          4 0.0000e+00
      6.200    10.4886    10.4828  33.135681  33.142139    29.5772    29.5885       2800      10.61    6.68972    6.79134     1.6634    67.3590    1485.11    22.6422    22.6519     0.5305     0.0000     3.1662     0.0935     0.0000     0.0000     2.6777     2.7179          3 0.0000e+00
      6.400    10.4925    10.4673  33.132446  33.160141    29.5707    29.6191       2812      10.38    6.68755    6.79493     1.6872    67.1576    1485.12    22.6365    22.6783     0.5191     0.0000     3.1567     0.0945     0.0000     0.0000     2.6769     2.7182          5 0.0000e+00
      6.600    10.4844    10.4687  33.142513  33.157722    29.5873    29.6153       2830      10.10    6.69104    6.80123     1.6761    67.0427    1485.11    22.6508    22.6751     0.5051     0.0000     3.1513     0.0940     0.0000     0.0000     2.6772     2.7191          3 0.0000e+00
      6.800    10.4627    10.4323  33.167557  33.204662    29.6301    29.6922       2852       9.83    6.70435    6.80625     1.7042    66.8420    1485.09    22.6876    22.7409     0.4916     0.0000     3.1419     0.0951     0.0000     0.0000     2.6788     2.7198          4 0.0000e+00
      7.000    10.4307    10.4205  33.204174  33.215080    29.6930    29.7122       2872       9.64    6.72057    6.80953     1.7583    66.7043    1485.06    22.7418    22.7584     0.4819     0.0000     3.1354     0.0974     0.0000     0.0000     2.6804     2.7206          3 0.0000e+00
      7.200    10.4281    10.4075  33.207924  33.228020    29.6987    29.7358       2882       9.55    6.72269    6.80231     1.7740    66.7959    1485.06    22.7467    22.7789     0.4773     0.0000     3.1397     0.0980     0.0000     0.0000     2.6813     2.7192          4 0.0000e+00
      7.400    10.4236    10.3999  33.209404  33.241043    29.7037    29.7547       2897       9.35    6.71524    6.79733     1.7746    66.7556    1485.05    22.7513    22.7950     0.4676     0.0000     3.1379     0.0980     0.0000     0.0000     2.6803     2.7192          4 0.0000e+00
      7.600    10.4097    10.3860  33.232220  33.259010    29.7379    29.7841       2909       9.19    6.70653    6.79874     1.7773    66.6583    1485.05    22.7802    22.8201     0.4595     0.0000     3.1333     0.0981     0.0000     0.0000     2.6801     2.7192          3 0.0000e+00
      7.800    10.4013    10.3731  33.247318  33.304585    29.7596    29.8400       2923       8.96    6.69888    6.80201     1.8369    66.2114    1485.04    22.7985    22.8657     0.4480     0.0000     3.1123     0.1004     0.0000     0.0000     2.6794     2.7192          5 0.0000e+00
      8.000    10.4006    10.3685  33.254025  33.315689    29.7667    29.8546       2936       8.75    6.69994    6.80264     1.8359    66.2108    1485.05    22.8042    22.8779     0.4373     0.0000     3.1122     0.1004     0.0000     0.0000     2.6795     2.7192          4 0.0000e+00
      8.200    10.3587    10.3054  33.312096  33.364838    29.8595    29.9568       2950       8.53    6.70757    6.81015     1.8588    65.8977    1485.02    22.8833    22.9677     0.4267     0.0000     3.0976     0.1013     0.0000     0.0000     2.6795     2.7195          4 0.0000e+00
      8.400    10.3326    10.2829  33.336296  33.376747    29.9054    29.9873       2967       8.28    6.71739    6.81424     1.9813    65.4466    1484.98    22.9233    22.9951     0.4139     0.0000     3.0764     0.1062     0.0000     0.0000     2.6801     2.7192          3 0.0000e+00
      8.600    10.3071    10.2726  33.357746  33.382854    29.9480    30.0018       2979       8.09    6.71628    6.80566     1.9807    65.2347    1484.95    22.9607    23.0082     0.4047     0.0000     3.0665     0.1062     0.0000     0.0000     2.6795     2.7176          4 0.0000e+00
      8.800    10.2841    10.2215  33.375225  33.413433    29.9846    30.0755       2992       7.92    6.70151    6.79542     2.0209    65.2234    1484.91    22.9929    23.0739     0.3957     0.0000     3.0659     0.1078     0.0000     0.0000     2.6769     2.7159          3 0.0000e+00
      9.000    10.2147    10.2033  33.425278  33.426216    30.0934    30.1034       3004       7.72    6.68451    6.78160     1.9983    65.2332    1484.79    23.0890    23.0986     0.3864     0.0000     3.0664     0.1069     0.0000     0.0000     2.6741     2.7141          3 0.0000e+00
      9.200    10.2028    10.1874  33.430679  33.445099    30.1086    30.1355       3014       7.59    6.66855    6.76639     1.9912    64.7213    1484.77    23.1028    23.1262     0.3796     0.0000     3.0424     0.1066     0.0000     0.0000     2.6717     2.7107          3 0.0000e+00
      9.400    10.1745    10.1915  33.460903  33.439045    30.1625    30.1255       3026       7.37    6.65453    6.74878     2.1532    64.4552    1484.74    23.1494    23.1178     0.3687     0.0000     3.0299     0.1131     0.0000     0.0000     2.6687     2.7075          4 0.0000e+00
      9.600    10.1795    10.1759  33.457062  33.460510    30.1539    30.1599       3038       7.18    6.64035    6.73097     2.2646    63.3888    1484.75    23.1418    23.1471     0.3591     0.0000     2.9798     0.1176     0.0000     0.0000     2.6651     2.7036          4 0.0000e+00
      9.800    10.1446    10.1699  33.502304  33.469925    30.2287    30.1740       3050       6.97    6.62825    6.71873     2.2442    62.5937    1484.71    23.2058    23.1591     0.3488     0.0000     2.9425     0.1168     0.0000     0.0000     2.6614     2.7002          5 0.0000e+00
     10.000    10.1451    10.1329  33.505917  33.518837    30.2312    30.2543       3064       6.75    6.61667    6.71021     2.2250    61.7671    1484.72    23.2077    23.2277     0.3374     0.0000     2.9037     0.1160     0.0000     0.0000     2.6578     2.6966          4 0.0000e+00
     10.200    10.1051    10.0881  33.555027  33.572701    30.3144    30.3464       3078       6.51    6.60371    6.70413     2.3775    60.6931    1484.68    23.2790    23.3067     0.3254     0.0000     2.8533     0.1221     0.0000     0.0000     2.6530     2.6928          6 0.0000e+00
     10.400    10.0791    10.0603  33.583149  33.602440    30.3645    30.3996       3092       6.35    6.58956    6.69755     2.4267    60.2897    1484.66    23.3222    23.3527     0.3173     0.0000     2.8344     0.1241     0.0000     0.0000     2.6487     2.6893          4 0.0000e+00
     10.600    10.0676    10.0456  33.600010  33.622475    30.3907    30.4319       3105       6.15    6.57080    6.68795     2.4747    59.8959    1484.64    23.3445    23.3802     0.3075     0.0000     2.8159     0.1260     0.0000     0.0000     2.6438     2.6858          4 0.0000e+00
     10.800    10.0258    10.0217  33.651279  33.655083    30.4778    30.4848       3121       5.92    6.57018    6.66683     2.4533    59.0286    1484.60    23.4192    23.4253     0.2961     0.0000     2.7752     0.1251     0.0000     0.0000     2.6411     2.6801          6 0.0000e+00
     11.000     9.9973     9.9839  33.689625  33.706734    30.5406    30.5690       3133       5.73    6.57446    6.65119     2.4178    58.0134    1484.58    23.4728    23.4971     0.2864     0.0000     2.7276     0.1237     0.0000     0.0000     2.6390     2.6760          3 0.0000e+00
     11.200     9.9614     9.9465  33.737514  33.757141    30.6194    30.6518       3146       5.57    6.57339    6.64220     2.3938    57.3281    1484.55    23.5401    23.5676     0.2782     0.0000     2.6955     0.1227     0.0000     0.0000     2.6356     2.6726          3 0.0000e+00
     11.400     9.8982     9.9284  33.821838  33.781807    30.7591    30.6919       3159       5.35    6.56440    6.63156     2.4081    56.4207    1484.49    23.6592    23.6019     0.2677     0.0000     2.6528     0.1233     0.0000     0.0000     2.6325     2.6683          3 0.0000e+00
     11.600     9.8772     9.8922  33.847916  33.832581    30.8031    30.7742       3174       5.10    6.54134    6.61543     2.5636    56.0689    1484.47    23.6968    23.6719     0.2550     0.0000     2.6363     0.1295     0.0000     0.0000     2.6273     2.6627          5 0.0000e+00
     11.800     9.8462     9.8542  33.895878  33.882095    30.8782    30.8570       3185       4.92    6.52678    6.60423     2.5466    55.8981    1484.45    23.7605    23.7426     0.2459     0.0000     2.6283     0.1288     0.0000     0.0000     2.6236     2.6588          4 0.0000e+00
     12.000     9.8163     9.8130  33.942760  33.952827    30.9513    30.9641       3198       4.72    6.50677    6.58728     2.5022    55.4173    1484.44    23.8223    23.8328     0.2357     0.0000     2.6058     0.1271     0.0000     0.0000     2.6186     2.6538          5 0.0000e+00
     12.200     9.7915     9.7917  33.982948  33.981304    31.0133    31.0112       3209       4.54    6.48682    6.57265     2.5977    55.3469    1484.42    23.8746    23.8729     0.2270     0.0000     2.6024     0.1309     0.0000     0.0000     2.6135     2.6497          3 0.0000e+00
     12.400     9.7730     9.7647  34.013920  34.026829    31.0603    31.0805       3223       4.35    6.46194    6.55636     2.7453    54.9628    1484.42    23.9143    23.9314     0.2174     0.0000     2.5844     0.1369     0.0000     0.0000     2.6074     2.6446          4 0.0000e+00
     12.600 -9.990e-29 -9.990e-29 -9.990e-29 -9.990e-29 -9.990e-29 -9.990e-29 -9.990e-29 -9.990e-29 -9.990e-29 -9.990e-29 -9.990e-29 -9.990e-29 -9.990e-29 -9.990e-29 -9.990e-29 -9.990e-29 -9.990e-29 -9.990e-29 -9.990e-29 -9.990e-29 -9.990e-29 -9.990e-29 -9.990e-29          0 -9.990e-29
     12.800     9.7245     9.7204  34.087799  34.093010    31.1769    31.1857       3247       3.96    6.42591    6.52366     2.8354    53.6109    1484.39    24.0130    24.0206     0.1982     0.0000     2.5210     0.1404     0.0000     0.0000     2.5967     2.6337          3 0.0000e+00
     13.000     9.6827     9.6695  34.152763  34.173008    31.2794    31.3116       3264       3.73    6.39736    6.49049     2.8947    52.8043    1484.36    24.0997    24.1269     0.1863     0.0000     2.4831     0.1428     0.0000     0.0000     2.5880     2.6250          4 0.0000e+00
     13.200     9.6219     9.6118  34.240410  34.255199    31.4223    31.4463       3278       3.53    6.37587    6.45896     2.9617    50.8856    1484.32    24.2209    24.2413     0.1764     0.0000     2.3931     0.1455     0.0000     0.0000     2.5812     2.6174          3 0.0000e+00
