dhe531_23_1.cnv
* Sea-Bird SBE 9 Data File:
* FileName = C:\CTD\HE-531\conf1\raw\HE531_23_1.hex
* Software Version Seasave V 7.23.1
* Temperature SN = 5354
* Conductivity SN = 2470
* Number of Bytes Per Scan = 40
* Number of Voltage Words = 5
* Number of Scans Averaged by the Deck Unit = 1
* NMEA Latitude = 54 05.06 N
* NMEA Longitude = 008 07.21 E
* NMEA UTC (Time) = Apr 30 2019  09:27:34
* NMEA baud rate = 4800
** Ship: RV Heincke
** Cruise: HE-531
**   PChoudhary
** HE531_23_1.hex
# nquan = 26
# nvalues = 82                          
# units = specified
# name 0 = prDM: Pressure, Digiquartz [db]
# name 1 = t090C: Temperature [ITS-90, deg C]
# name 2 = t190C: Temperature, 2 [ITS-90, deg C]
# name 3 = c0mS/cm: Conductivity [mS/cm]
# name 4 = c1mS/cm: Conductivity, 2 [mS/cm]
# name 5 = sal00: Salinity, Practical [PSU]
# name 6 = sal11: Salinity, Practical, 2 [PSU]
# name 7 = scan: Scan Count
# name 8 = altM: Altimeter [m]
# name 9 = sbeox0ML/L: Oxygen, SBE 43 [ml/l]
# name 10 = sbeox1ML/L: Oxygen, SBE 43, 2 [ml/l]
# name 11 = flECO-AFL: Fluorescence, WET Labs ECO-AFL/FL [mg/m^3]
# name 12 = CStarTr0: Beam Transmission, WET Labs C-Star [%]
# name 13 = svCM: Sound Velocity [Chen-Millero, m/s]
# name 14 = sigma-é00: Density [sigma-theta, kg/m^3]
# name 15 = sigma-é11: Density, 2 [sigma-theta, kg/m^3]
# name 16 = v0: Voltage 0
# name 17 = v1: Voltage 1
# name 18 = v2: Voltage 2
# name 19 = v3: Voltage 3
# name 20 = v4: Voltage 4
# name 21 = v5: Voltage 5
# name 22 = v6: Voltage 6
# name 23 = v7: Voltage 7
# name 24 = nbin: number of scans per bin
# name 25 = flag: flag
# span 0 =      3.000,     19.200       
# span 1 =     8.2243,    10.1506       
# span 2 =     8.2243,    10.1525       
# span 3 =  33.470350,  34.837732       
# span 4 =  33.479064,  34.837542       
# span 5 =    30.2105,    33.3041       
# span 6 =    30.2100,    33.3028       
# span 7 =       3144,       5865       
# span 8 =       3.08,      18.89       
# span 9 =    6.06670,    6.67134       
# span 10 =    6.13542,    6.73892      
# span 11 =     0.8420,     1.9474      
# span 12 =    63.9978,    76.9720      
# span 13 =    1481.47,    1484.62      
# span 14 =    23.1917,    25.9092      
# span 15 =    23.1914,    25.9082      
# span 16 =     0.1539,     0.9447      
# span 17 =     0.0000,     0.0000      
# span 18 =     3.0084,     3.6173      
# span 19 =     0.0607,     0.1049      
# span 20 =     0.0000,     0.0000      
# span 21 =     0.0000,     0.0000      
# span 22 =     2.4190,     2.6484      
# span 23 =     2.4449,     2.6777      
# span 24 =          0,          6      
# span 25 = 0.0000e+00, 0.0000e+00      
# interval = decibars: 0.2              
# start_time = Apr 30 2019 09:27:34 [NMEA time, header]
# bad_flag = -9.990e-29
*END*
[from data line 56]
     14.200     8.2343     8.2345  34.835564  34.834244    33.2966    33.2951       3943       8.08    6.10762    6.16346     1.3613    70.3191    1481.48    25.9018    25.9006     0.4038     0.0000     3.3051     0.0815     0.0000     0.0000     2.4303     2.4585          3 0.0000e+00
     14.400     8.2328     8.2351  34.835056  34.834679    33.2972    33.2946       3962       7.84    6.10602    6.16387     1.4516    70.1600    1481.48    25.9025    25.9001     0.3921     0.0000     3.2976     0.0851     0.0000     0.0000     2.4298     2.4579          4 0.0000e+00
     14.600     8.2327     8.2331  34.835770  34.834106    33.2977    33.2957       3976       7.66    6.10399    6.16392     1.0125    70.1334    1481.48    25.9029    25.9013     0.3828     0.0000     3.2964     0.0675     0.0000     0.0000     2.4292     2.4567          4 0.0000e+00
     14.800     8.2319     8.2314  34.835457  34.834446    33.2979    33.2975       3990       7.45    6.10730    6.16458     1.0734    69.9718    1481.48    25.9032    25.9029     0.3727     0.0000     3.2888     0.0699     0.0000     0.0000     2.4293     2.4565          5 0.0000e+00
     15.000     8.2290     8.2299  34.835289  34.834297    33.3004    33.2985       4003       7.27    6.11043    6.16075     1.1228    70.0397    1481.48    25.9056    25.9039     0.3632     0.0000     3.2920     0.0719     0.0000     0.0000     2.4298     2.4555          3 0.0000e+00
     15.200     8.2246     8.2278  34.835022  34.834026    33.3041    33.3000       4019       7.04    6.10523    6.16161     1.3698    70.4505    1481.47    25.9092    25.9055     0.3518     0.0000     3.3112     0.0818     0.0000     0.0000     2.4280     2.4554          4 0.0000e+00
     15.400     8.2249     8.2258  34.835152  34.834072    33.3037    33.3017       4030       6.89    6.10080    6.16069     1.3385    69.9732    1481.48    25.9088    25.9071     0.3442     0.0000     3.2888     0.0805     0.0000     0.0000     2.4275     2.4549          2 0.0000e+00
     15.600     8.2248     8.2248  34.835384  34.833981    33.3038    33.3023       4051       6.63    6.09895    6.16027     1.1657    69.6109    1481.48    25.9089    25.9077     0.3314     0.0000     3.2719     0.0737     0.0000     0.0000     2.4274     2.4542          3 0.0000e+00
     15.800     8.2247     8.2248  34.835365  34.834297    33.3038    33.3025       4063       6.51    6.09440    6.15859     1.2213    69.7332    1481.48    25.9088    25.9079     0.3254     0.0000     3.2776     0.0758     0.0000     0.0000     2.4255     2.4533          3 0.0000e+00
     16.000     8.2248     8.2247  34.835197  34.834507    33.3031    33.3026       4083       6.29    6.07792    6.15226     1.3017    68.6491    1481.48    25.9084    25.9079     0.3147     0.0000     3.2267     0.0790     0.0000     0.0000     2.4232     2.4522          3 0.0000e+00
     16.200     8.2249     8.2246  34.835735  34.834660    33.3035    33.3026       4097       6.08    6.07002    6.14690     1.4498    68.2249    1481.49    25.9087    25.9080     0.3041     0.0000     3.2068     0.0850     0.0000     0.0000     2.4221     2.4515          4 0.0000e+00
     16.400     8.2246     8.2244  34.835930  34.834927    33.3037    33.3028       4111       5.88    6.06670    6.14448     1.2652    68.0119    1481.49    25.9089    25.9082     0.2941     0.0000     3.1968     0.0776     0.0000     0.0000     2.4204     2.4505          3 0.0000e+00
     16.600     8.2245     8.2243  34.835857  34.834759    33.3036    33.3026       4124       5.68    6.07614    6.14462     1.2295    67.8583    1481.49    25.9088    25.9080     0.2842     0.0000     3.1896     0.0762     0.0000     0.0000     2.4212     2.4501          3 0.0000e+00
     16.800 -9.990e-29 -9.990e-29 -9.990e-29 -9.990e-29 -9.990e-29 -9.990e-29 -9.990e-29 -9.990e-29 -9.990e-29 -9.990e-29 -9.990e-29 -9.990e-29 -9.990e-29 -9.990e-29 -9.990e-29 -9.990e-29 -9.990e-29 -9.990e-29 -9.990e-29 -9.990e-29 -9.990e-29 -9.990e-29 -9.990e-29          0 -9.990e-29
     17.000     8.2246     8.2246  34.836143  34.834881    33.3035    33.3022       4156       5.28    6.08664    6.14590     1.2939    67.3178    1481.50    25.9087    25.9076     0.2643     0.0000     3.1642     0.0787     0.0000     0.0000     2.4209     2.4493          4 0.0000e+00
     17.200     8.2244     8.2244  34.836273  34.835255    33.3036    33.3025       4176       5.07    6.08997    6.14284     1.2393    67.2712    1481.50    25.9088    25.9080     0.2534     0.0000     3.1621     0.0766     0.0000     0.0000     2.4212     2.4481          3 0.0000e+00
     17.400     8.2245     8.2244  34.836346  34.835251    33.3035    33.3024       4188       4.91    6.08700    6.14244     1.1599    66.7014    1481.51    25.9087    25.9078     0.2455     0.0000     3.1353     0.0734     0.0000     0.0000     2.4209     2.4481          3 0.0000e+00
     17.600     8.2245     8.2246  34.836193  34.835423    33.3031    33.3022       4207       4.67    6.08862    6.14372     1.1948    65.7434    1481.51    25.9084    25.9077     0.2338     0.0000     3.0904     0.0748     0.0000     0.0000     2.4212     2.4477          3 0.0000e+00
     17.800     8.2247     8.2244  34.836441  34.835461    33.3030    33.3022       4221       4.50    6.08878    6.14139     1.3249    66.5082    1481.51    25.9083    25.9077     0.2251     0.0000     3.1262     0.0800     0.0000     0.0000     2.4207     2.4472          5 0.0000e+00
     18.000     8.2246     8.2247  34.836643  34.835232    33.3032    33.3016       4233       4.30    6.08342    6.13622     1.7655    67.0738    1481.52    25.9085    25.9072     0.2148     0.0000     3.1528     0.0976     0.0000     0.0000     2.4200     2.4462          3 0.0000e+00
     18.200     8.2245     8.2246  34.836658  34.835667    33.3032    33.3021       4246       4.12    6.08072    6.13626     1.5144    67.1220    1481.52    25.9085    25.9076     0.2063     0.0000     3.1550     0.0876     0.0000     0.0000     2.4200     2.4463          4 0.0000e+00
     18.400     8.2246     8.2243  34.836205  34.835705    33.3025    33.3022       4261       3.92    6.08199    6.13542     1.1696    66.1876    1481.52    25.9080    25.9078     0.1961     0.0000     3.1112     0.0738     0.0000     0.0000     2.4200     2.4457          2 0.0000e+00
     18.600     8.2243     8.2245  34.836903  34.835724    33.3033    33.3020       4267       3.83    6.08485    6.13590     1.1618    66.2380    1481.53    25.9087    25.9075     0.1916     0.0000     3.1136     0.0735     0.0000     0.0000     2.4200     2.4457          1 0.0000e+00
     18.800     8.2247     8.2244  34.836800  34.835934    33.3027    33.3020       4300       3.47    6.08801    6.14166     1.2450    65.9364    1481.53    25.9081    25.9076     0.1734     0.0000     3.0994     0.0768     0.0000     0.0000     2.4203     2.4457          4 0.0000e+00
     19.000     8.2247     8.2245  34.837273  34.835854    33.3030    33.3017       4326       3.30    6.08708    6.13825     1.2404    64.8165    1481.53    25.9083    25.9073     0.1648     0.0000     3.0468     0.0766     0.0000     0.0000     2.4203     2.4451          4 0.0000e+00
     19.200     8.2247     8.2267  34.837730  34.837543    33.3032    33.3011       5865       3.08    6.08142    6.13851     1.2293    63.9978    1481.54    25.9085    25.9065     0.1539     0.0000     3.0084     0.0761     0.0000     0.0000     2.4190     2.4449          5 0.0000e+00
