dhe531_23_1.cnv
* Sea-Bird SBE 9 Data File:
* FileName = C:\CTD\HE-531\conf1\raw\HE531_23_1.hex
* Software Version Seasave V 7.23.1
* Temperature SN = 5354
* Conductivity SN = 2470
* Number of Bytes Per Scan = 40
* Number of Voltage Words = 5
* Number of Scans Averaged by the Deck Unit = 1
* NMEA Latitude = 54 05.06 N
* NMEA Longitude = 008 07.21 E
* NMEA UTC (Time) = Apr 30 2019  09:27:34
* NMEA baud rate = 4800
** Ship: RV Heincke
** Cruise: HE-531
**   PChoudhary
** HE531_23_1.hex
# nquan = 26
# nvalues = 82                          
# units = specified
# name 0 = prDM: Pressure, Digiquartz [db]
# name 1 = t090C: Temperature [ITS-90, deg C]
# name 2 = t190C: Temperature, 2 [ITS-90, deg C]
# name 3 = c0mS/cm: Conductivity [mS/cm]
# name 4 = c1mS/cm: Conductivity, 2 [mS/cm]
# name 5 = sal00: Salinity, Practical [PSU]
# name 6 = sal11: Salinity, Practical, 2 [PSU]
# name 7 = scan: Scan Count
# name 8 = altM: Altimeter [m]
# name 9 = sbeox0ML/L: Oxygen, SBE 43 [ml/l]
# name 10 = sbeox1ML/L: Oxygen, SBE 43, 2 [ml/l]
# name 11 = flECO-AFL: Fluorescence, WET Labs ECO-AFL/FL [mg/m^3]
# name 12 = CStarTr0: Beam Transmission, WET Labs C-Star [%]
# name 13 = svCM: Sound Velocity [Chen-Millero, m/s]
# name 14 = sigma-é00: Density [sigma-theta, kg/m^3]
# name 15 = sigma-é11: Density, 2 [sigma-theta, kg/m^3]
# name 16 = v0: Voltage 0
# name 17 = v1: Voltage 1
# name 18 = v2: Voltage 2
# name 19 = v3: Voltage 3
# name 20 = v4: Voltage 4
# name 21 = v5: Voltage 5
# name 22 = v6: Voltage 6
# name 23 = v7: Voltage 7
# name 24 = nbin: number of scans per bin
# name 25 = flag: flag
# span 0 =      3.000,     19.200       
# span 1 =     8.2243,    10.1506       
# span 2 =     8.2243,    10.1525       
# span 3 =  33.470350,  34.837732       
# span 4 =  33.479064,  34.837542       
# span 5 =    30.2105,    33.3041       
# span 6 =    30.2100,    33.3028       
# span 7 =       3144,       5865       
# span 8 =       3.08,      18.89       
# span 9 =    6.06670,    6.67134       
# span 10 =    6.13542,    6.73892      
# span 11 =     0.8420,     1.9474      
# span 12 =    63.9978,    76.9720      
# span 13 =    1481.47,    1484.62      
# span 14 =    23.1917,    25.9092      
# span 15 =    23.1914,    25.9082      
# span 16 =     0.1539,     0.9447      
# span 17 =     0.0000,     0.0000      
# span 18 =     3.0084,     3.6173      
# span 19 =     0.0607,     0.1049      
# span 20 =     0.0000,     0.0000      
# span 21 =     0.0000,     0.0000      
# span 22 =     2.4190,     2.6484      
# span 23 =     2.4449,     2.6777      
# span 24 =          0,          6      
# span 25 = 0.0000e+00, 0.0000e+00      
# interval = decibars: 0.2              
# start_time = Apr 30 2019 09:27:34 [NMEA time, header]
# bad_flag = -9.990e-29
*END*
      3.000    10.1502    10.1489  33.499397  33.496990    30.2176    30.2163       3144      18.89    6.62206    6.68303     1.1072    73.8999    1484.61    23.1961    23.1953     0.9447     0.0000     3.4731     0.0713     0.0000     0.0000     2.6484     2.6740          2 0.0000e+00
      3.200    10.1497    10.1513  33.500641  33.497280    30.2193    30.2145       3158      18.80    6.62052    6.67575     1.1824    73.6335    1484.61    23.1975    23.1936     0.9402     0.0000     3.4606     0.0743     0.0000     0.0000     2.6479     2.6731          3 0.0000e+00
      3.400    10.1500    10.1525  33.501289  33.495941    30.2196    30.2121       3171      18.71    6.61396    6.67005     1.2038    73.4049    1484.62    23.1977    23.1915     0.9356     0.0000     3.4498     0.0752     0.0000     0.0000     2.6464     2.6728          4 0.0000e+00
      3.600    10.1506    10.1499  33.494396  33.493668    30.2120    30.2119       3179      18.60    6.61358    6.67029     1.2304    73.1317    1484.62    23.1917    23.1917     0.9303     0.0000     3.4371     0.0762     0.0000     0.0000     2.6465     2.6728          2 0.0000e+00
      3.800    10.1372    10.1386  33.481335  33.482132    30.2105    30.2100       3190      18.49    6.61539    6.67421     1.2329    72.8313    1484.57    23.1927    23.1921     0.9246     0.0000     3.4230     0.0763     0.0000     0.0000     2.6465     2.6728          4 0.0000e+00
      4.000    10.1202    10.1068  33.473389  33.479065    30.2170    30.2343       3207      18.24    6.62498    6.68042     1.3443    73.3620    1484.52    23.2005    23.2162     0.9120     0.0000     3.4479     0.0808     0.0000     0.0000     2.6471     2.6728          3 0.0000e+00
      4.200    10.1099    10.0833  33.470352  33.488739    30.2228    30.2642       3214      18.16    6.62907    6.68327     1.3819    73.3768    1484.49    23.2067    23.2433     0.9080     0.0000     3.4485     0.0822     0.0000     0.0000     2.6471     2.6728          1 0.0000e+00
      4.400    10.0428    10.0339  33.540909  33.579517    30.3511    30.3974       3238      17.71    6.62230    6.68947     1.2129    73.6863    1484.40    23.3176    23.3551     0.8855     0.0000     3.4631     0.0755     0.0000     0.0000     2.6446     2.6732          3 0.0000e+00
      4.600    10.0332    10.0327  33.574879  33.582420    30.3933    30.4012       3247      17.59    6.61254    6.68680     1.2860    73.7123    1484.42    23.3520    23.3583     0.8794     0.0000     3.4643     0.0784     0.0000     0.0000     2.6439     2.6728          3 0.0000e+00
      4.800    10.0346    10.0268  33.583359  33.593647    30.4003    30.4173       3259      17.39    6.59855    6.68001     1.4003    73.7223    1484.44    23.3573    23.3719     0.8694     0.0000     3.4648     0.0830     0.0000     0.0000     2.6422     2.6720          3 0.0000e+00
      5.000    10.0239    10.0151  33.625286  33.651970    30.4515    30.4859       3267      17.25    6.59450    6.67424     1.4007    73.7918    1484.47    23.3990    23.4271     0.8624     0.0000     3.4680     0.0830     0.0000     0.0000     2.6417     2.6715          3 0.0000e+00
      5.200     9.9451     9.9555  33.834583  33.810867    30.7304    30.6973       3277      17.08    6.60145    6.67388     1.5316    73.7831    1484.53    23.6291    23.6016     0.8542     0.0000     3.4676     0.0883     0.0000     0.0000     2.6423     2.6716          3 0.0000e+00
      5.400     9.9354     9.9383  33.853378  33.847530    30.7576    30.7491       3286      16.91    6.61004    6.68050     1.5748    73.8784    1484.52    23.6519    23.6448     0.8458     0.0000     3.4721     0.0900     0.0000     0.0000     2.6422     2.6722          4 0.0000e+00
      5.600     9.9260     9.9270  33.862682  33.860012    30.7749    30.7712       3297      16.71    6.61405    6.68357     1.4657    73.9790    1484.51    23.6668    23.6639     0.8355     0.0000     3.4768     0.0856     0.0000     0.0000     2.6414     2.6716          3 0.0000e+00
      5.800     9.9193     9.9181  33.864697  33.864624    30.7821    30.7830       3317      16.41    6.61697    6.69250     1.4047    74.3965    1484.51    23.6736    23.6745     0.8205     0.0000     3.4965     0.0832     0.0000     0.0000     2.6420     2.6731          5 0.0000e+00
      6.000     9.9163     9.9072  33.867226  33.877014    30.7871    30.8049       3325      16.29    6.62071    6.69792     1.4024    74.6067    1484.50    23.6780    23.6933     0.8145     0.0000     3.5063     0.0831     0.0000     0.0000     2.6421     2.6737          1 0.0000e+00
      6.200     9.8680     9.8575  33.924343  33.936707    30.8867    30.9084       3348      15.99    6.65324    6.72414     1.3508    75.0288    1484.45    23.7634    23.7820     0.7995     0.0000     3.5261     0.0810     0.0000     0.0000     2.6462     2.6767          5 0.0000e+00
      6.400     9.7796     9.7702  34.006355  34.016602    31.0476    31.0663       3359      15.83    6.66458    6.73468     1.3406    75.2968    1484.33    23.9032    23.9193     0.7915     0.0000     3.5387     0.0806     0.0000     0.0000     2.6467     2.6776          3 0.0000e+00
      6.600     9.6707     9.6748  34.124039  34.129517    31.2638    31.2656       3368      15.68    6.67134    6.73892     1.4685    75.7940    1484.20    24.0893    24.0900     0.7839     0.0000     3.5620     0.0857     0.0000     0.0000     2.6471     2.6777          3 0.0000e+00
      6.800     9.5571     9.5795  34.286903  34.269337    31.5314    31.4931       3379      15.50    6.66862    6.73107     1.5177    75.9508    1484.11    24.3164    24.2828     0.7749     0.0000     3.5694     0.0877     0.0000     0.0000     2.6465     2.6764          4 0.0000e+00
      7.000     9.4954     9.5292  34.332817  34.314392    31.6334    31.5838       3389      15.33    6.65080    6.70996     1.5360    76.3691    1484.01    24.4058    24.3617     0.7664     0.0000     3.5890     0.0884     0.0000     0.0000     2.6437     2.6731          2 0.0000e+00
      7.200     9.1904     9.2469  34.491051  34.468628    32.0750    31.9998       3408      15.04    6.61446    6.67874     1.6641    76.3668    1483.43    24.7989    24.7313     0.7519     0.0000     3.5889     0.0936     0.0000     0.0000     2.6347     2.6658          5 0.0000e+00
      7.400     8.7471     8.7566  34.771618  34.769276    32.7806    32.7692       3430      14.75    6.56022    6.66195     1.9474    76.7820    1482.65    25.4198    25.4094     0.7375     0.0000     3.6084     0.1049     0.0000     0.0000     2.6200     2.6546          4 0.0000e+00
      7.600     8.5628     8.5608  34.817001  34.816990    33.0010    33.0030       3448      14.53    6.49330    6.60200     1.3792    76.9720    1482.24    25.6205    25.6224     0.7267     0.0000     3.6173     0.0821     0.0000     0.0000     2.6039     2.6390          4 0.0000e+00
      7.800     8.4680     8.4642  34.795464  34.796001    33.0667    33.0711       3463      14.38    6.42022    6.51913     1.2562    76.8755    1481.97    25.6864    25.6904     0.7188     0.0000     3.6128     0.0772     0.0000     0.0000     2.5873     2.6230          5 0.0000e+00
      8.000     8.3480     8.3850  34.804039  34.800678    33.1897    33.1503       3476      14.20    6.36118    6.45133     1.2003    76.7600    1481.67    25.8008    25.7644     0.7099     0.0000     3.6074     0.0750     0.0000     0.0000     2.5718     2.6082          3 0.0000e+00
      8.200     8.3274     8.3606  34.811550  34.807529    33.2156    33.1792       3486      14.07    6.31394    6.39740     1.0993    76.3731    1481.63    25.8243    25.7908     0.7032     0.0000     3.5892     0.0710     0.0000     0.0000     2.5597     2.5948          3 0.0000e+00
      8.400     8.2924     8.3187  34.824684  34.818974    33.2607    33.2293       3501      13.84    6.25403    6.32744     1.0763    76.2936    1481.56    25.8649    25.8364     0.6923     0.0000     3.5855     0.0701     0.0000     0.0000     2.5427     2.5765          5 0.0000e+00
      8.600     8.2771     8.2813  34.826828  34.828201    33.2757    33.2733       3513      13.67    6.21365    6.27943     1.3026    76.8629    1481.52    25.8789    25.8764     0.6836     0.0000     3.6121     0.0791     0.0000     0.0000     2.5291     2.5617          3 0.0000e+00
      8.800     8.2704     8.2794  34.827919  34.828781    33.2806    33.2731       3529      13.41    6.15677    6.22901     1.2556    76.5802    1481.51    25.8838    25.8766     0.6707     0.0000     3.5989     0.0772     0.0000     0.0000     2.5104     2.5436          5 0.0000e+00
      9.000     8.2687     8.2779  34.828300  34.829781    33.2802    33.2731       3545      13.19    6.12124    6.19048     1.2145    75.9041    1481.51    25.8837    25.8767     0.6594     0.0000     3.5672     0.0756     0.0000     0.0000     2.4955     2.5272          4 0.0000e+00
      9.200     8.2714     8.2732  34.829464  34.830673    33.2766    33.2764       3561      13.02    6.10666    6.16860     0.9533    74.8246    1481.51    25.8805    25.8801     0.6509     0.0000     3.5165     0.0651     0.0000     0.0000     2.4833     2.5138          3 0.0000e+00
      9.400     8.2698     8.2721  34.830624  34.831444    33.2769    33.2758       3581      12.78    6.09883    6.16597     0.9102    73.7218    1481.51    25.8809    25.8798     0.6391     0.0000     3.4647     0.0634     0.0000     0.0000     2.4699     2.5013          5 0.0000e+00
      9.600     8.2680     8.2691  34.830658  34.831776    33.2769    33.2773       3595      12.62    6.10274    6.18053     0.9116    73.3735    1481.51    25.8813    25.8814     0.6309     0.0000     3.4484     0.0635     0.0000     0.0000     2.4637     2.4956          4 0.0000e+00
      9.800     8.2643     8.2657  34.831379  34.831402    33.2796    33.2785       3612      12.41    6.11289    6.18848     0.9013    72.9869    1481.50    25.8839    25.8828     0.6206     0.0000     3.4303     0.0631     0.0000     0.0000     2.4582     2.4891          6 0.0000e+00
     10.000     8.2616     8.2624  34.832241  34.832535    33.2816    33.2815       3626      12.26    6.11810    6.18859     0.8420    72.7379    1481.50    25.8859    25.8857     0.6128     0.0000     3.4186     0.0607     0.0000     0.0000     2.4541     2.4846          2 0.0000e+00
     10.200     8.2637     8.2645  34.833126  34.833256    33.2793    33.2788       3640      12.05    6.12289    6.18965     0.9704    72.6376    1481.51    25.8838    25.8833     0.6025     0.0000     3.4139     0.0658     0.0000     0.0000     2.4514     2.4820          6 0.0000e+00
     10.400     8.2605     8.2642  34.833405  34.832409    33.2815    33.2770       3654      11.86    6.12806    6.19248     1.2407    72.7786    1481.50    25.8860    25.8819     0.5929     0.0000     3.4205     0.0766     0.0000     0.0000     2.4489     2.4790          3 0.0000e+00
     10.600     8.2517     8.2601  34.832943  34.833736    33.2884    33.2812       3670      11.63    6.13217    6.19644     1.0517    72.7882    1481.48    25.8927    25.8858     0.5817     0.0000     3.4209     0.0691     0.0000     0.0000     2.4471     2.4769          5 0.0000e+00
     10.800     8.2497     8.2537  34.833076  34.833580    33.2894    33.2862       3685      11.38    6.12784    6.20028     0.9146    72.6979    1481.47    25.8938    25.8907     0.5690     0.0000     3.4167     0.0636     0.0000     0.0000     2.4443     2.4754          4 0.0000e+00
     11.000     8.2494     8.2502  34.833599  34.833408    33.2892    33.2883       3700      11.21    6.12003    6.20052     1.0537    72.5824    1481.48    25.8937    25.8929     0.5603     0.0000     3.4113     0.0692     0.0000     0.0000     2.4421     2.4738          4 0.0000e+00
     11.200     8.2488     8.2487  34.834198  34.833969    33.2893    33.2893       3718      10.96    6.10934    6.20087     0.9617    72.3965    1481.48    25.8939    25.8938     0.5480     0.0000     3.4025     0.0655     0.0000     0.0000     2.4392     2.4724          4 0.0000e+00
     11.400     8.2490     8.2491  34.834206  34.834045    33.2883    33.2882       3731      10.81    6.10913    6.20198     0.9895    71.9858    1481.48    25.8931    25.8929     0.5406     0.0000     3.3833     0.0666     0.0000     0.0000     2.4380     2.4716          4 0.0000e+00
     11.600     8.2494     8.2497  34.835075  34.834152    33.2881    33.2869       3747      10.61    6.11217    6.20481     1.1128    71.7767    1481.49    25.8928    25.8919     0.5304     0.0000     3.3735     0.0715     0.0000     0.0000     2.4369     2.4713          4 0.0000e+00
     11.800     8.2453     8.2468  34.834091  34.834213    33.2903    33.2891       3761      10.42    6.12067    6.20548     1.0096    71.6184    1481.48    25.8952    25.8940     0.5212     0.0000     3.3661     0.0674     0.0000     0.0000     2.4368     2.4707          4 0.0000e+00
     12.000     8.2430     8.2428  34.834808  34.833878    33.2926    33.2919       3776      10.24    6.12343    6.20254     0.9070    71.3656    1481.47    25.8973    25.8968     0.5117     0.0000     3.3542     0.0633     0.0000     0.0000     2.4364     2.4696          5 0.0000e+00
     12.200     8.2422     8.2430  34.834797  34.834076    33.2927    33.2913       3790      10.04    6.12377    6.19699     0.9701    70.8889    1481.47    25.8976    25.8963     0.5021     0.0000     3.3318     0.0658     0.0000     0.0000     2.4359     2.4685          4 0.0000e+00
     12.400     8.2414     8.2416  34.835125  34.834263    33.2932    33.2922       3806       9.85    6.11824    6.18925     0.9657    70.8793    1481.48    25.8981    25.8973     0.4923     0.0000     3.3314     0.0656     0.0000     0.0000     2.4349     2.4672          4 0.0000e+00
     12.600     8.2423     8.2412  34.835453  34.834209    33.2921    33.2920       3821       9.64    6.12049    6.18128     0.9846    70.9326    1481.48    25.8971    25.8971     0.4821     0.0000     3.3339     0.0664     0.0000     0.0000     2.4351     2.4655          3 0.0000e+00
     12.800     8.2444     8.2419  34.836029  34.834854    33.2902    33.2915       3836       9.45    6.11769    6.17859     0.9968    71.2197    1481.49    25.8953    25.8966     0.4727     0.0000     3.3474     0.0669     0.0000     0.0000     2.4341     2.4646          4 0.0000e+00
     13.000     8.2388     8.2393  34.835308  34.834259    33.2943    33.2928       3854       9.24    6.11556    6.17548     0.9963    71.1783    1481.47    25.8993    25.8980     0.4619     0.0000     3.3454     0.0668     0.0000     0.0000     2.4334     2.4629          4 0.0000e+00
     13.200     8.2364     8.2364  34.834923  34.833851    33.2958    33.2947       3869       9.01    6.11608    6.17964     1.0160    70.7990    1481.47    25.9008    25.9000     0.4506     0.0000     3.3276     0.0677     0.0000     0.0000     2.4330     2.4628          5 0.0000e+00
     13.400     8.2365     8.2360  34.835014  34.833729    33.2954    33.2946       3884       8.80    6.11275    6.18503     1.1069    70.5009    1481.47    25.9006    25.9000     0.4402     0.0000     3.3136     0.0712     0.0000     0.0000     2.4322     2.4628          3 0.0000e+00
     13.600     8.2364     8.2357  34.835247  34.834152    33.2954    33.2949       3898       8.64    6.11207    6.18452     1.0576    70.4726    1481.48    25.9006    25.9002     0.4320     0.0000     3.3123     0.0693     0.0000     0.0000     2.4319     2.4618          4 0.0000e+00
     13.800     8.2359     8.2360  34.835342  34.834602    33.2955    33.2947       3914       8.43    6.10990    6.17923     0.9430    70.0373    1481.48    25.9007    25.9000     0.4217     0.0000     3.2918     0.0647     0.0000     0.0000     2.4310     2.4611          3 0.0000e+00
