dhe531_25_1.cnv
* Sea-Bird SBE 9 Data File:
* FileName = C:\CTD\HE-531\conf1\raw\HE531_25_1.hex
* Software Version Seasave V 7.23.1
* Temperature SN = 5354
* Conductivity SN = 2470
* Number of Bytes Per Scan = 40
* Number of Voltage Words = 5
* Number of Scans Averaged by the Deck Unit = 1
* NMEA Latitude = 54 07.97 N
* NMEA Longitude = 008 06.78 E
* NMEA UTC (Time) = Apr 30 2019  12:56:02
* NMEA baud rate = 4800
** Ship: RV Heincke
** Cruise: HE-531
**   Isabella Wilkie
# nquan = 26
# nvalues = 83                          
# units = specified
# name 0 = prDM: Pressure, Digiquartz [db]
# name 1 = t090C: Temperature [ITS-90, deg C]
# name 2 = t190C: Temperature, 2 [ITS-90, deg C]
# name 3 = c0mS/cm: Conductivity [mS/cm]
# name 4 = c1mS/cm: Conductivity, 2 [mS/cm]
# name 5 = sal00: Salinity, Practical [PSU]
# name 6 = sal11: Salinity, Practical, 2 [PSU]
# name 7 = scan: Scan Count
# name 8 = altM: Altimeter [m]
# name 9 = sbeox0ML/L: Oxygen, SBE 43 [ml/l]
# name 10 = sbeox1ML/L: Oxygen, SBE 43, 2 [ml/l]
# name 11 = flECO-AFL: Fluorescence, WET Labs ECO-AFL/FL [mg/m^3]
# name 12 = CStarTr0: Beam Transmission, WET Labs C-Star [%]
# name 13 = svCM: Sound Velocity [Chen-Millero, m/s]
# name 14 = sigma-é00: Density [sigma-theta, kg/m^3]
# name 15 = sigma-é11: Density, 2 [sigma-theta, kg/m^3]
# name 16 = v0: Voltage 0
# name 17 = v1: Voltage 1
# name 18 = v2: Voltage 2
# name 19 = v3: Voltage 3
# name 20 = v4: Voltage 4
# name 21 = v5: Voltage 5
# name 22 = v6: Voltage 6
# name 23 = v7: Voltage 7
# name 24 = nbin: number of scans per bin
# name 25 = flag: flag
# span 0 =      2.400,     18.800       
# span 1 =     8.4753,    10.3460       
# span 2 =     8.4781,    10.3492       
# span 3 =  33.452324,  34.845366       
# span 4 =  33.445871,  34.845011       
# span 5 =    30.0064,    33.0378       
# span 6 =    29.9980,    33.0376       
# span 7 =       3079,       6240       
# span 8 =       2.11,      18.26       
# span 9 =    6.06837,    6.89050       
# span 10 =    6.12507,    6.96876      
# span 11 =     1.0021,     3.4739      
# span 12 =    57.2184,    77.7155      
# span 13 =    1482.14,    1485.07      
# span 14 =    22.9996,    25.6624      
# span 15 =    22.9926,    25.6618      
# span 16 =     0.1060,     0.9125      
# span 17 =     0.0000,     0.0000      
# span 18 =     2.6903,     3.6522      
# span 19 =     0.0671,     0.1660      
# span 20 =     0.0000,     0.0000      
# span 21 =     0.0000,     0.0000      
# span 22 =     2.4224,     2.7330      
# span 23 =     2.4481,     2.7720      
# span 24 =          0,          6      
# span 25 = 0.0000e+00, 0.0000e+00      
# interval = decibars: 0.2              
# start_time = Apr 30 2019 12:56:02 [NMEA time, header]
# bad_flag = -9.990e-29
*END*
[from data line 56]
     13.600     8.5821     8.5850  34.826092  34.825394    32.9673    32.9639       3870       7.31    6.15274    6.22238     1.1057    70.4910    1482.37    25.5912    25.5882     0.3656     0.0000     3.3131     0.0712     0.0000     0.0000     2.4644     2.4940          4 0.0000e+00
     13.800     8.5822     8.5798  34.825798  34.825146    32.9661    32.9679       3881       7.15    6.14060    6.21261     1.0304    70.0824    1482.37    25.5904    25.5921     0.3573     0.0000     3.2939     0.0682     0.0000     0.0000     2.4617     2.4913          4 0.0000e+00
     14.000     8.5712     8.5795  34.823650  34.825352    32.9738    32.9677       3892       6.95    6.12852    6.20021     1.0021    69.4602    1482.35    25.5981    25.5920     0.3473     0.0000     3.2648     0.0671     0.0000     0.0000     2.4589     2.4888          2 0.0000e+00
     14.200     8.5622     8.5676  34.822231  34.823364    32.9806    32.9768       3898       6.88    6.12041    6.19543     1.2781    69.1739    1482.33    25.6048    25.6009     0.3440     0.0000     3.2514     0.0781     0.0000     0.0000     2.4571     2.4875          1 0.0000e+00
     14.400     8.5466     8.5471  34.820480  34.819733    32.9924    32.9912       3922       6.48    6.09999    6.18340     1.1154    67.5760    1482.28    25.6164    25.6153     0.3238     0.0000     3.1763     0.0716     0.0000     0.0000     2.4510     2.4828          5 0.0000e+00
     14.600     8.5438     8.5424  34.820244  34.819042    32.9940    32.9943       3937       6.31    6.09765    6.17621     1.1543    66.5951    1482.28    25.6181    25.6185     0.3157     0.0000     3.1303     0.0732     0.0000     0.0000     2.4486     2.4798          4 0.0000e+00
     14.800     8.5423     8.5387  34.819946  34.818851    32.9943    32.9967       3955       6.08    6.09539    6.16438     1.2363    65.6271    1482.28    25.6185    25.6209     0.3042     0.0000     3.0849     0.0764     0.0000     0.0000     2.4452     2.4760          4 0.0000e+00
     15.000 -9.990e-29 -9.990e-29 -9.990e-29 -9.990e-29 -9.990e-29 -9.990e-29 -9.990e-29 -9.990e-29 -9.990e-29 -9.990e-29 -9.990e-29 -9.990e-29 -9.990e-29 -9.990e-29 -9.990e-29 -9.990e-29 -9.990e-29 -9.990e-29 -9.990e-29 -9.990e-29 -9.990e-29 -9.990e-29 -9.990e-29          0 -9.990e-29
     15.200     8.5332     8.5378  34.818604  34.819046    33.0004    32.9965       3981       5.75    6.09451    6.15293     1.4618    64.7863    1482.25    25.6247    25.6209     0.2874     0.0000     3.0454     0.0855     0.0000     0.0000     2.4420     2.4715          5 0.0000e+00
     15.400     8.5199     8.5181  34.816971  34.815937    33.0109    33.0117       3994       5.56    6.09147    6.15463     1.6063    64.2971    1482.22    25.6350    25.6358     0.2778     0.0000     3.0225     0.0913     0.0000     0.0000     2.4400     2.4697          3 0.0000e+00
     15.600     8.5065     8.5065  34.814838  34.814293    33.0212    33.0206       4006       5.37    6.09006    6.15785     1.5604    64.1153    1482.19    25.6450    25.6446     0.2685     0.0000     3.0140     0.0894     0.0000     0.0000     2.4386     2.4686          4 0.0000e+00
     15.800 -9.990e-29 -9.990e-29 -9.990e-29 -9.990e-29 -9.990e-29 -9.990e-29 -9.990e-29 -9.990e-29 -9.990e-29 -9.990e-29 -9.990e-29 -9.990e-29 -9.990e-29 -9.990e-29 -9.990e-29 -9.990e-29 -9.990e-29 -9.990e-29 -9.990e-29 -9.990e-29 -9.990e-29 -9.990e-29 -9.990e-29          0 -9.990e-29
     16.000     8.4940     8.4954  34.812893  34.812714    33.0303    33.0288       4026       5.02    6.09141    6.15196     1.3397    63.1160    1482.16    25.6541    25.6526     0.2511     0.0000     2.9670     0.0806     0.0000     0.0000     2.4371     2.4656          3 0.0000e+00
     16.200     8.4980     8.4949  34.813999  34.812653    33.0268    33.0285       4047       4.70    6.09010    6.14462     1.3197    62.2399    1482.17    25.6507    25.6525     0.2348     0.0000     2.9259     0.0798     0.0000     0.0000     2.4355     2.4636          3 0.0000e+00
     16.400     8.4974     8.4960  34.814091  34.813519    33.0270    33.0277       4062       4.52    6.09057    6.14172     1.6116    60.4348    1482.17    25.6510    25.6518     0.2259     0.0000     2.8412     0.0915     0.0000     0.0000     2.4350     2.4619          4 0.0000e+00
     16.600     8.4974     8.4968  34.814461  34.813606    33.0269    33.0266       4077       4.35    6.08685    6.13875     1.6245    59.8731    1482.18    25.6509    25.6507     0.2172     0.0000     2.8148     0.0920     0.0000     0.0000     2.4336     2.4604          3 0.0000e+00
     16.800     8.4971     8.4966  34.814392  34.813694    33.0267    33.0265       4091       4.16    6.08309    6.13701     1.6149    60.0436    1482.18    25.6507    25.6507     0.2080     0.0000     2.8229     0.0916     0.0000     0.0000     2.4323     2.4592          4 0.0000e+00
     17.000     8.4958     8.4957  34.814240  34.813675    33.0274    33.0269       4103       3.97    6.07709    6.13747     1.4997    60.2825    1482.18    25.6515    25.6511     0.1988     0.0000     2.8341     0.0870     0.0000     0.0000     2.4315     2.4583          3 0.0000e+00
     17.200     8.4926     8.4956  34.814262  34.813782    33.0302    33.0268       4114       3.82    6.07284    6.13750     1.4220    59.9810    1482.17    25.6542    25.6510     0.1910     0.0000     2.8199     0.0838     0.0000     0.0000     2.4302     2.4579          3 0.0000e+00
     17.400     8.4875     8.4881  34.813480  34.812683    33.0339    33.0325       4128       3.58    6.07726    6.13915     1.5248    59.7193    1482.16    25.6578    25.6567     0.1788     0.0000     2.8077     0.0880     0.0000     0.0000     2.4302     2.4572          3 0.0000e+00
     17.600     8.4848     8.4854  34.813213  34.812271    33.0358    33.0343       4143       3.36    6.08218    6.13954     1.5931    59.4467    1482.16    25.6598    25.6585     0.1682     0.0000     2.7949     0.0908     0.0000     0.0000     2.4298     2.4567          2 0.0000e+00
     17.800     8.4819     8.4828  34.812702  34.812325    33.0377    33.0366       4157       3.17    6.08623    6.14193     2.0104    58.6943    1482.15    25.6617    25.6607     0.1587     0.0000     2.7596     0.1074     0.0000     0.0000     2.4298     2.4567          3 0.0000e+00
     18.000     8.4816     8.4817  34.812546  34.812355    33.0375    33.0372       4174       2.96    6.08011    6.14293     1.8214    58.1447    1482.15    25.6616    25.6614     0.1477     0.0000     2.7338     0.0999     0.0000     0.0000     2.4286     2.4563          3 0.0000e+00
     18.200     8.4814     8.4807  34.812935  34.812035    33.0378    33.0376       4187       2.74    6.07430    6.13568     1.7114    57.9340    1482.16    25.6619    25.6618     0.1372     0.0000     2.7239     0.0954     0.0000     0.0000     2.4277     2.4548          4 0.0000e+00
     18.400     8.4819     8.4813  34.812954  34.812576    33.0371    33.0373       4200       2.56    6.07111    6.12911     1.8622    57.2184    1482.16    25.6612    25.6615     0.1280     0.0000     2.6903     0.1014     0.0000     0.0000     2.4274     2.4542          2 0.0000e+00
     18.600     8.4818     8.4811  34.812965  34.811954    33.0363    33.0359       4354       2.32    6.07472    6.12507     1.7118    57.8387    1482.16    25.6607    25.6604     0.1159     0.0000     2.7194     0.0955     0.0000     0.0000     2.4266     2.4521          4 0.0000e+00
     18.800     8.4753     8.4781  34.810188  34.810009    33.0372    33.0344       6240       2.11    6.06837    6.12688     1.8043    59.1071    1482.14    25.6624    25.6596     0.1060     0.0000     2.7789     0.0992     0.0000     0.0000     2.4224     2.4481          1 0.0000e+00
