dhe531_25_1.cnv
* Sea-Bird SBE 9 Data File:
* FileName = C:\CTD\HE-531\conf1\raw\HE531_25_1.hex
* Software Version Seasave V 7.23.1
* Temperature SN = 5354
* Conductivity SN = 2470
* Number of Bytes Per Scan = 40
* Number of Voltage Words = 5
* Number of Scans Averaged by the Deck Unit = 1
* NMEA Latitude = 54 07.97 N
* NMEA Longitude = 008 06.78 E
* NMEA UTC (Time) = Apr 30 2019  12:56:02
* NMEA baud rate = 4800
** Ship: RV Heincke
** Cruise: HE-531
**   Isabella Wilkie
# nquan = 26
# nvalues = 83                          
# units = specified
# name 0 = prDM: Pressure, Digiquartz [db]
# name 1 = t090C: Temperature [ITS-90, deg C]
# name 2 = t190C: Temperature, 2 [ITS-90, deg C]
# name 3 = c0mS/cm: Conductivity [mS/cm]
# name 4 = c1mS/cm: Conductivity, 2 [mS/cm]
# name 5 = sal00: Salinity, Practical [PSU]
# name 6 = sal11: Salinity, Practical, 2 [PSU]
# name 7 = scan: Scan Count
# name 8 = altM: Altimeter [m]
# name 9 = sbeox0ML/L: Oxygen, SBE 43 [ml/l]
# name 10 = sbeox1ML/L: Oxygen, SBE 43, 2 [ml/l]
# name 11 = flECO-AFL: Fluorescence, WET Labs ECO-AFL/FL [mg/m^3]
# name 12 = CStarTr0: Beam Transmission, WET Labs C-Star [%]
# name 13 = svCM: Sound Velocity [Chen-Millero, m/s]
# name 14 = sigma-é00: Density [sigma-theta, kg/m^3]
# name 15 = sigma-é11: Density, 2 [sigma-theta, kg/m^3]
# name 16 = v0: Voltage 0
# name 17 = v1: Voltage 1
# name 18 = v2: Voltage 2
# name 19 = v3: Voltage 3
# name 20 = v4: Voltage 4
# name 21 = v5: Voltage 5
# name 22 = v6: Voltage 6
# name 23 = v7: Voltage 7
# name 24 = nbin: number of scans per bin
# name 25 = flag: flag
# span 0 =      2.400,     18.800       
# span 1 =     8.4753,    10.3460       
# span 2 =     8.4781,    10.3492       
# span 3 =  33.452324,  34.845366       
# span 4 =  33.445871,  34.845011       
# span 5 =    30.0064,    33.0378       
# span 6 =    29.9980,    33.0376       
# span 7 =       3079,       6240       
# span 8 =       2.11,      18.26       
# span 9 =    6.06837,    6.89050       
# span 10 =    6.12507,    6.96876      
# span 11 =     1.0021,     3.4739      
# span 12 =    57.2184,    77.7155      
# span 13 =    1482.14,    1485.07      
# span 14 =    22.9996,    25.6624      
# span 15 =    22.9926,    25.6618      
# span 16 =     0.1060,     0.9125      
# span 17 =     0.0000,     0.0000      
# span 18 =     2.6903,     3.6522      
# span 19 =     0.0671,     0.1660      
# span 20 =     0.0000,     0.0000      
# span 21 =     0.0000,     0.0000      
# span 22 =     2.4224,     2.7330      
# span 23 =     2.4481,     2.7720      
# span 24 =          0,          6      
# span 25 = 0.0000e+00, 0.0000e+00      
# interval = decibars: 0.2              
# start_time = Apr 30 2019 12:56:02 [NMEA time, header]
# bad_flag = -9.990e-29
*END*
      2.400    10.2658    10.2973  33.521378  33.494492    30.1437    30.0908       3079      18.26    6.82944    6.91861     3.0930    76.0466    1484.93    23.1197    23.0734     0.9125     0.0000     3.5739     0.1507     0.0000     0.0000     2.7162     2.7565          1 0.0000e+00
      2.600    10.2664    10.2949  33.521675  33.492443    30.1435    30.0907       3093      18.16    6.83696    6.93013     3.0573    76.0466    1484.94    23.1195    23.0737     0.9082     0.0000     3.5739     0.1493     0.0000     0.0000     2.7176     2.7579          1 0.0000e+00
      2.800    10.3066    10.3217  33.485233  33.472862    30.0727    30.0483       3134      17.95    6.83646    6.95128     3.0571    75.6227    1485.00    23.0577    23.0362     0.8973     0.0000     3.5540     0.1493     0.0000     0.0000     2.7202     2.7627          4 0.0000e+00
      3.000    10.3208    10.3270  33.475189  33.465702    30.0506    30.0366       3151      17.81    6.84348    6.94867     3.1115    75.7368    1485.02    23.0382    23.0263     0.8903     0.0000     3.5593     0.1515     0.0000     0.0000     2.7216     2.7635          3 0.0000e+00
      3.200    10.3335    10.3492  33.460583  33.445869    30.0253    29.9980       3166      17.62    6.84504    6.94502     3.1489    75.7542    1485.04    23.0163    22.9926     0.8808     0.0000     3.5601     0.1529     0.0000     0.0000     2.7225     2.7643          4 0.0000e+00
      3.400    10.3460    10.3474  33.452324  33.450703    30.0064    30.0043       3177      17.49    6.84428    6.94770     3.1955    75.7597    1485.07    22.9996    22.9978     0.8745     0.0000     3.5604     0.1548     0.0000     0.0000     2.7228     2.7655          2 0.0000e+00
      3.600    10.3283    10.3238  33.470310  33.475063    30.0394    30.0486       3188      17.34    6.85285    6.95555     3.2474    75.7279    1485.05    23.0282    23.0362     0.8672     0.0000     3.5589     0.1569     0.0000     0.0000     2.7247     2.7668          4 0.0000e+00
      3.800    10.3209    10.3114  33.477203  33.486519    30.0526    30.0706       3200      17.25    6.86145    6.96376     3.3133    75.8207    1485.04    23.0397    23.0553     0.8629     0.0000     3.5632     0.1596     0.0000     0.0000     2.7261     2.7684          3 0.0000e+00
      4.000    10.3206    10.3078  33.475185  33.488712    30.0509    30.0758       3224      16.86    6.87548    6.96876     3.3679    75.9264    1485.04    23.0385    23.0599     0.8428     0.0000     3.5682     0.1617     0.0000     0.0000     2.7294     2.7698          4 0.0000e+00
      4.200    10.3079    10.2955  33.492016  33.503540    30.0785    30.1009       3248      16.55    6.88564    6.96612     3.3997    76.0194    1485.04    23.0621    23.0816     0.8274     0.0000     3.5725     0.1630     0.0000     0.0000     2.7320     2.7705          2 0.0000e+00
      4.400    10.2950    10.3099  33.507603  33.486214    30.1051    30.0713       3256      16.49    6.89050    6.96257     3.3257    76.0206    1485.03    23.0848    23.0561     0.8243     0.0000     3.5726     0.1601     0.0000     0.0000     2.7330     2.7705          1 0.0000e+00
      4.600    10.3089    10.3071  33.490440  33.490570    30.0759    30.0780       3263      16.37    6.88463    6.96263     3.3933    75.7051    1485.04    23.0599    23.0618     0.8184     0.0000     3.5578     0.1627     0.0000     0.0000     2.7326     2.7705          3 0.0000e+00
      4.800    10.2867    10.2876  33.514896  33.508358    30.1192    30.1123       3273      16.20    6.87405    6.96183     3.4739    75.4795    1485.02    23.0973    23.0917     0.8100     0.0000     3.5472     0.1660     0.0000     0.0000     2.7313     2.7705          3 0.0000e+00
      5.000    10.2847    10.2987  33.510303  33.496605    30.1163    30.0910       3279      16.08    6.86921    6.96169     3.4662    75.5002    1485.01    23.0953    23.0733     0.8041     0.0000     3.5482     0.1657     0.0000     0.0000     2.7314     2.7710          3 0.0000e+00
      5.200    10.3071    10.3061  33.490845  33.492008    30.0776    30.0799       3285      15.98    6.86230    6.96529     3.4372    75.4631    1485.05    23.0615    23.0635     0.7991     0.0000     3.5465     0.1644     0.0000     0.0000     2.7314     2.7720          1 0.0000e+00
      5.400    10.3015    10.3031  33.496365  33.495174    30.0878    30.0856       3295      15.75    6.85626    6.95954     3.3901    75.7933    1485.04    23.0704    23.0684     0.7876     0.0000     3.5620     0.1626     0.0000     0.0000     2.7305     2.7704          4 0.0000e+00
      5.600    10.2993    10.3014  33.497440  33.494865    30.0907    30.0867       3323      15.25    6.85809    6.94918     3.4058    75.9051    1485.04    23.0730    23.0695     0.7623     0.0000     3.5672     0.1632     0.0000     0.0000     2.7306     2.7687          3 0.0000e+00
      5.800    10.3000    10.3025  33.496635  33.491722    30.0893    30.0825       3345      14.98    6.86427    6.94665     3.2903    76.0239    1485.05    23.0718    23.0661     0.7493     0.0000     3.5728     0.1586     0.0000     0.0000     2.7302     2.7680          2 0.0000e+00
      6.000    10.2950    10.2969  33.502651  33.501705    30.0995    30.0970       3361      14.82    6.86738    6.94496     3.3089    76.0139    1485.04    23.0805    23.0783     0.7409     0.0000     3.5723     0.1594     0.0000     0.0000     2.7311     2.7674          4 0.0000e+00
      6.200    10.2891    10.2917  33.509655  33.506771    30.1114    30.1064       3370      14.71    6.86315    6.94162     3.3319    75.7553    1485.04    23.0907    23.0865     0.7355     0.0000     3.5602     0.1603     0.0000     0.0000     2.7299     2.7668          4 0.0000e+00
      6.400    10.2849    10.2793  33.514576  33.519588    30.1198    30.1298       3379      14.61    6.85485    6.93811     3.3442    75.7604    1485.04    23.0980    23.1068     0.7305     0.0000     3.5604     0.1608     0.0000     0.0000     2.7285     2.7660          3 0.0000e+00
      6.600    10.2367    10.2395  33.565857  33.563305    30.2122    30.2074       3388      14.46    6.85150    6.93971     3.2778    75.8908    1484.98    23.1778    23.1737     0.7228     0.0000     3.5665     0.1581     0.0000     0.0000     2.7277     2.7656          4 0.0000e+00
      6.800    10.2253    10.2230  33.573040  33.575859    30.2289    30.2339       3399      14.28    6.84720    6.94252     3.2830    75.9764    1484.96    23.1927    23.1970     0.7140     0.0000     3.5706     0.1583     0.0000     0.0000     2.7277     2.7656          3 0.0000e+00
      7.000    10.1583    10.1788  33.640675  33.623459    30.3541    30.3193       3411      14.06    6.84580    6.94342     3.2116    76.0381    1484.87    23.3013    23.2708     0.7029     0.0000     3.5735     0.1555     0.0000     0.0000     2.7261     2.7644          5 0.0000e+00
      7.200    10.1360    10.1348  33.663956  33.666031    30.3962    30.3996       3425      13.81    6.84490    6.93716     3.1945    76.0464    1484.84    23.3377    23.3405     0.6905     0.0000     3.5739     0.1548     0.0000     0.0000     2.7247     2.7623          4 0.0000e+00
      7.400    10.1302    10.1078  33.672245  33.695648    30.4092    30.4523       3437      13.62    6.83111    6.92493     3.3359    76.0290    1484.84    23.3487    23.3860     0.6808     0.0000     3.5730     0.1605     0.0000     0.0000     2.7212     2.7599          3 0.0000e+00
      7.600    10.1071    10.1033  33.694984  33.698299    30.4515    30.4582       3460      13.25    6.78312    6.87437     3.1675    76.0209    1484.81    23.3854    23.3914     0.6625     0.0000     3.5727     0.1537     0.0000     0.0000     2.7130     2.7509          3 0.0000e+00
      7.800    10.0905    10.0289  33.718323  33.802391    30.4888    30.6272       3476      13.04    6.75239    6.84632     2.9963    74.3413    1484.80    23.4173    23.5351     0.6520     0.0000     3.4938     0.1468     0.0000     0.0000     2.7073     2.7452          5 0.0000e+00
      8.000     9.9147     9.8804  33.923763  33.968159    30.8493    30.9243       3487      12.88    6.75640    6.84000     2.7941    75.8853    1484.61    23.7268    23.7907     0.6442     0.0000     3.5663     0.1388     0.0000     0.0000     2.7046     2.7408          4 0.0000e+00
      8.200     9.8246     9.7386  34.010204  34.136108    31.0153    31.2193       3498      12.73    6.75748    6.83787     2.7194    76.6969    1484.48    23.8708    24.0438     0.6364     0.0000     3.6044     0.1358     0.0000     0.0000     2.7015     2.7368          3 0.0000e+00
      8.400     9.5770     9.5519  34.322811  34.346218    31.5551    31.6009       3508      12.59    6.75874    6.83070     2.5430    76.6864    1484.24    24.3317    24.3714     0.6293     0.0000     3.6039     0.1287     0.0000     0.0000     2.6966     2.7314          4 0.0000e+00
      8.600     9.4491     9.4796  34.437908  34.413570    31.7872    31.7341       3520      12.38    6.72528    6.78951     2.3407    76.7082    1484.06    24.5334    24.4870     0.6190     0.0000     3.6049     0.1206     0.0000     0.0000     2.6875     2.7212          4 0.0000e+00
      8.800     9.4004     9.4561  34.495110  34.440903    31.8888    31.7821       3533      12.16    6.66146    6.72736     2.0608    76.8053    1484.00    24.6204    24.5282     0.6079     0.0000     3.6095     0.1094     0.0000     0.0000     2.6756     2.7096          4 0.0000e+00
      9.000     9.3087     9.4024  34.580376  34.502144    32.0592    31.8923       3550      11.92    6.56811    6.63827     2.7523    76.9898    1483.88    24.7681    24.6229     0.5960     0.0000     3.6182     0.1371     0.0000     0.0000     2.6581     2.6920          4 0.0000e+00
      9.200     9.1775     9.2090  34.666031  34.656425    32.2672    32.2282       3565      11.72    6.51315    6.59043     2.8413    77.2338    1483.65    24.9513    24.9159     0.5862     0.0000     3.6296     0.1406     0.0000     0.0000     2.6430     2.6772          5 0.0000e+00
      9.400     9.1183     9.1271  34.673561  34.673519    32.3283    32.3203       3580      11.50    6.45195    6.54056     1.8777    77.4545    1483.51    25.0084    25.0008     0.5750     0.0000     3.6399     0.1021     0.0000     0.0000     2.6249     2.6603          3 0.0000e+00
      9.600     9.0783     9.0818  34.679699  34.679752    32.3703    32.3674       3594      11.31    6.39168    6.49099     1.9159    77.6343    1483.42    25.0474    25.0446     0.5657     0.0000     3.6484     0.1036     0.0000     0.0000     2.6083     2.6445          5 0.0000e+00
      9.800     9.0322     9.0361  34.685154  34.684566    32.4175    32.4135       3608      11.14    6.35688    6.45266     1.9477    77.3781    1483.31    25.0916    25.0879     0.5569     0.0000     3.6364     0.1049     0.0000     0.0000     2.5951     2.6309          4 0.0000e+00
     10.000     8.9889     8.9911  34.695530  34.694565    32.4673    32.4644       3621      10.96    6.33225    6.42328     1.4524    77.1642    1483.21    25.1373    25.1347     0.5479     0.0000     3.6263     0.0851     0.0000     0.0000     2.5821     2.6181          4 0.0000e+00
     10.200     8.9529     8.9555  34.706337  34.705219    32.5105    32.5072       3636      10.77    6.30299    6.39362     1.2140    77.7155    1483.14    25.1767    25.1738     0.5382     0.0000     3.6522     0.0755     0.0000     0.0000     2.5672     2.6042          1 0.0000e+00
     10.400     8.9310     8.9346  34.711643  34.710548    32.5359    32.5315       3644      10.63    6.28873    6.37637     1.2518    77.1207    1483.09    25.1999    25.1960     0.5313     0.0000     3.6243     0.0770     0.0000     0.0000     2.5610     2.5970          3 0.0000e+00
     10.600     8.8838     8.8853  34.725574  34.723869    32.5929    32.5899       3661      10.36    6.26352    6.34392     1.2006    76.8183    1482.98    25.2519    25.2492     0.5179     0.0000     3.6101     0.0750     0.0000     0.0000     2.5475     2.5826          4 0.0000e+00
     10.800     8.8401     8.8474  34.757362  34.753616    32.6662    32.6556       3673      10.16    6.25503    6.32563     1.0486    76.5526    1482.92    25.3160    25.3066     0.5078     0.0000     3.5976     0.0690     0.0000     0.0000     2.5397     2.5736          4 0.0000e+00
     11.000     8.8229     8.8283  34.767693  34.765064    32.6927    32.6850       3677      10.08    6.25393    6.31948     1.0365    76.5031    1482.89    25.3393    25.3325     0.5043     0.0000     3.5953     0.0685     0.0000     0.0000     2.5369     2.5702          1 0.0000e+00
     11.200     8.7536     8.7536  34.838482  34.837269    32.8290    32.8279       3709       9.59    6.21524    6.27466     1.3271    77.6186    1482.80    25.4568    25.4559     0.4796     0.0000     3.6477     0.0801     0.0000     0.0000     2.5161     2.5470          3 0.0000e+00
     11.400     8.7571     8.7595  34.831741  34.828800    32.8182    32.8130       3715       9.51    6.20894    6.27170     1.1780    75.0829    1482.80    25.4478    25.4433     0.4758     0.0000     3.5287     0.0741     0.0000     0.0000     2.5135     2.5446          4 0.0000e+00
     11.600     8.7400     8.7416  34.842537  34.841217    32.8442    32.8415       3731       9.28    6.19216    6.25767     1.1981    74.0652    1482.78    25.4707    25.4683     0.4642     0.0000     3.4809     0.0749     0.0000     0.0000     2.5046     2.5360          3 0.0000e+00
     11.800     8.7253     8.7269  34.844933  34.844269    32.8593    32.8573       3746       9.10    6.17755    6.24509     1.2050    73.3671    1482.74    25.4848    25.4830     0.4551     0.0000     3.4481     0.0752     0.0000     0.0000     2.4975     2.5283          5 0.0000e+00
     12.000     8.7049     8.7068  34.844944  34.844082    32.8777    32.8751       3759       8.93    6.16865    6.23701     1.3122    72.4177    1482.69    25.5024    25.5000     0.4463     0.0000     3.4036     0.0795     0.0000     0.0000     2.4920     2.5225          4 0.0000e+00
     12.200     8.6897     8.6908  34.845367  34.844696    32.8916    32.8900       3770       8.76    6.16121    6.23080     1.3605    71.8874    1482.66    25.5155    25.5141     0.4379     0.0000     3.3787     0.0814     0.0000     0.0000     2.4872     2.5177          5 0.0000e+00
     12.400     8.6822     8.6821  34.845280  34.845013    32.8976    32.8977       3782       8.56    6.16046    6.22695     1.0554    71.2859    1482.64    25.5214    25.5215     0.4280     0.0000     3.3505     0.0692     0.0000     0.0000     2.4835     2.5137          4 0.0000e+00
     12.600     8.6733     8.6734  34.843277  34.843262    32.9029    32.9030       3796       8.33    6.15783    6.22474     1.0428    71.8424    1482.62    25.5270    25.5270     0.4166     0.0000     3.3766     0.0687     0.0000     0.0000     2.4792     2.5096          6 0.0000e+00
     12.800     8.6662     8.6665  34.842373  34.841805    32.9076    32.9068       3812       8.09    6.15558    6.21854     1.0344    71.7668    1482.60    25.5317    25.5310     0.4045     0.0000     3.3731     0.0684     0.0000     0.0000     2.4750     2.5046          4 0.0000e+00
     13.000     8.6469     8.6535  34.837814  34.838814    32.9202    32.9150       3828       7.88    6.15736    6.21542     1.0897    71.7503    1482.55    25.5445    25.5395     0.3940     0.0000     3.3723     0.0706     0.0000     0.0000     2.4723     2.5010          5 0.0000e+00
     13.200     8.6124     8.6276  34.831360  34.834034    32.9455    32.9339       3844       7.69    6.16146    6.21873     1.1351    71.8295    1482.45    25.5696    25.5582     0.3844     0.0000     3.3760     0.0724     0.0000     0.0000     2.4698     2.4982          3 0.0000e+00
