dhe531_21_1.cnv
* Sea-Bird SBE 9 Data File:
* FileName = C:\CTD\HE-531\conf1\raw\HE531_21_1.hex
* Software Version Seasave V 7.23.1
* Temperature SN = 5354
* Conductivity SN = 2470
* Number of Bytes Per Scan = 40
* Number of Voltage Words = 5
* Number of Scans Averaged by the Deck Unit = 1
* NMEA Latitude = 54 06.26 N
* NMEA Longitude = 007 58.53 E
* NMEA UTC (Time) = Apr 30 2019  06:44:34
* NMEA baud rate = 4800
** Ship: RV Heincke
** Cruise: HE-531
**   PChoudhary
** HE531_21_1
# nquan = 26
# nvalues = 142                         
# units = specified
# name 0 = prDM: Pressure, Digiquartz [db]
# name 1 = t090C: Temperature [ITS-90, deg C]
# name 2 = t190C: Temperature, 2 [ITS-90, deg C]
# name 3 = c0mS/cm: Conductivity [mS/cm]
# name 4 = c1mS/cm: Conductivity, 2 [mS/cm]
# name 5 = sal00: Salinity, Practical [PSU]
# name 6 = sal11: Salinity, Practical, 2 [PSU]
# name 7 = scan: Scan Count
# name 8 = altM: Altimeter [m]
# name 9 = sbeox0ML/L: Oxygen, SBE 43 [ml/l]
# name 10 = sbeox1ML/L: Oxygen, SBE 43, 2 [ml/l]
# name 11 = flECO-AFL: Fluorescence, WET Labs ECO-AFL/FL [mg/m^3]
# name 12 = CStarTr0: Beam Transmission, WET Labs C-Star [%]
# name 13 = svCM: Sound Velocity [Chen-Millero, m/s]
# name 14 = sigma-é00: Density [sigma-theta, kg/m^3]
# name 15 = sigma-é11: Density, 2 [sigma-theta, kg/m^3]
# name 16 = v0: Voltage 0
# name 17 = v1: Voltage 1
# name 18 = v2: Voltage 2
# name 19 = v3: Voltage 3
# name 20 = v4: Voltage 4
# name 21 = v5: Voltage 5
# name 22 = v6: Voltage 6
# name 23 = v7: Voltage 7
# name 24 = nbin: number of scans per bin
# name 25 = flag: flag
# span 0 =      2.400,     30.600       
# span 1 =     7.8698,     9.6836       
# span 2 =     7.8722,     9.6994       
# span 3 =  34.199385,  35.060134       
# span 4 =  34.167463,  35.059390       
# span 5 =    31.3203,    33.7778       
# span 6 =    31.2782,    33.7775       
# span 7 =       4304,       7811       
# span 8 =       2.99,      31.21       
# span 9 =    6.08872,    6.61446       
# span 10 =    6.15433,    6.65808      
# span 11 =     0.6954,     1.8340      
# span 12 =    67.4058,    83.3800      
# span 13 =    1480.65,    1484.28      
# span 14 =    24.1313,    26.3187      
# span 15 =    24.0966,    26.3186      
# span 16 =     0.1499,     1.5602      
# span 17 =     0.0000,     0.0000      
# span 18 =     3.1684,     3.9180      
# span 19 =     0.0548,     0.1003      
# span 20 =     0.0000,     0.0000      
# span 21 =     0.0000,     0.0000      
# span 22 =     2.4140,     2.6307      
# span 23 =     2.4420,     2.6541      
# span 24 =          1,          8      
# span 25 = 0.0000e+00, 0.0000e+00      
# interval = decibars: 0.2              
# start_time = Apr 30 2019 06:44:34 [NMEA time, header]
# bad_flag = -9.990e-29
*END*
      2.400     9.6580     9.6994  34.281872  34.211815    31.4275    31.3198       4304      31.21    6.58579    6.62647     1.5394    78.5700    1484.28    24.2191    24.1284     1.5602     0.0000     3.6923     0.0885     0.0000     0.0000     2.6247     2.6470          3 0.0000e+00
      2.600     9.6459     9.6934  34.275105  34.216736    31.4313    31.3301       4318      31.05    6.58742    6.62739     1.6447    78.4404    1484.24    24.2241    24.1374     1.5523     0.0000     3.6862     0.0928     0.0000     0.0000     2.6252     2.6475          3 0.0000e+00
      2.800     9.6814     9.6926  34.201584  34.181244    31.3245    31.2944       4392      30.22    6.60210    6.63791     1.5386    78.2590    1484.25    24.1350    24.1097     1.5109     0.0000     3.6777     0.0885     0.0000     0.0000     2.6288     2.6520          4 0.0000e+00
      3.000     9.6836     9.6950  34.199387  34.167461    31.3203    31.2782       4402      30.22    6.60400    6.64128     1.5331    78.2326    1484.25    24.1313    24.0966     1.5112     0.0000     3.6764     0.0883     0.0000     0.0000     2.6292     2.6532          3 0.0000e+00
      3.200     9.6501     9.6423  34.239246  34.257332    31.3910    31.4170       4410      30.26    6.60811    6.64608     1.5762    77.9818    1484.22    24.1918    24.2134     1.5129     0.0000     3.6647     0.0901     0.0000     0.0000     2.6299     2.6532          3 0.0000e+00
      3.400     9.5840     9.5788  34.325924  34.332039    31.5389    31.5503       4418      30.22    6.61390    6.65200     1.5964    77.8378    1484.16    24.3179    24.3276     1.5109     0.0000     3.6579     0.0909     0.0000     0.0000     2.6305     2.6532          2 0.0000e+00
      3.600     9.5587     9.5589  34.362175  34.357235    31.5985    31.5938       4426      30.14    6.61446    6.65808     1.5774    77.8034    1484.14    24.3685    24.3648     1.5069     0.0000     3.6563     0.0901     0.0000     0.0000     2.6307     2.6541          4 0.0000e+00
      3.800     9.5527     9.5537  34.372131  34.369053    31.6140    31.6103       4434      29.92    6.60950    6.65697     1.4906    77.9853    1484.14    24.3815    24.3785     1.4961     0.0000     3.6648     0.0866     0.0000     0.0000     2.6298     2.6536          4 0.0000e+00
      4.000     9.5641     9.5769  34.357304  34.335625    31.5879    31.5547       4461      29.45    6.58052    6.63207     1.4847    78.2762    1484.16    24.3594    24.3314     1.4727     0.0000     3.6785     0.0864     0.0000     0.0000     2.6263     2.6507          4 0.0000e+00
      4.200     9.5393     9.5591  34.412308  34.364704    31.6663    31.6002       4488      29.12    6.56931    6.62358     1.4165    78.5415    1484.17    24.4246    24.3698     1.4562     0.0000     3.6910     0.0836     0.0000     0.0000     2.6237     2.6489          3 0.0000e+00
      4.400     9.5274     9.5321  34.451618  34.439854    31.7171    31.7012       4499      29.00    6.57185    6.62592     1.4655    78.5337    1484.19    24.4661    24.4530     1.4498     0.0000     3.6906     0.0856     0.0000     0.0000     2.6231     2.6484          3 0.0000e+00
      4.600     9.4947     9.5089  34.460659  34.456860    31.7559    31.7395       4507      28.94    6.57305    6.62571     1.4936    78.4972    1484.12    24.5016    24.4865     1.4467     0.0000     3.6889     0.0868     0.0000     0.0000     2.6224     2.6474          4 0.0000e+00
      4.800     9.4830     9.4823  34.465000  34.464321    31.7708    31.7713       4516      28.90    6.57134    6.62530     1.5028    78.3036    1484.10    24.5151    24.5156     1.4452     0.0000     3.6798     0.0871     0.0000     0.0000     2.6219     2.6471          3 0.0000e+00
      5.000     9.4748     9.4786  34.468822  34.465096    31.7819    31.7750       4524      28.80    6.56661    6.62226     1.6257    78.3052    1484.08    24.5250    24.5191     1.4403     0.0000     3.6799     0.0920     0.0000     0.0000     2.6208     2.6464          5 0.0000e+00
      5.200     9.4817     9.4916  34.465797  34.449490    31.7722    31.7469       4535      28.50    6.55813    6.61170     1.7227    78.6150    1484.10    24.5164    24.4951     1.4252     0.0000     3.6944     0.0959     0.0000     0.0000     2.6194     2.6443          2 0.0000e+00
      5.400     9.4673     9.4862  34.471233  34.447014    31.7901    31.7487       4576      28.10    6.56035    6.61786     1.4552    79.3345    1484.07    24.5327    24.4973     1.4052     0.0000     3.7282     0.0852     0.0000     0.0000     2.6175     2.6435          4 0.0000e+00
      5.600     9.4509     9.4526  34.476379  34.475113    31.8101    31.8077       4594      27.89    6.55965    6.62770     1.4413    79.6560    1484.04    24.5509    24.5488     1.3943     0.0000     3.7433     0.0846     0.0000     0.0000     2.6158     2.6435          3 0.0000e+00
      5.800     9.4287     9.4373  34.480076  34.476364    31.8340    31.8228       4603      27.93    6.55807    6.63052     1.4486    79.7397    1483.99    24.5731    24.5630     1.3961     0.0000     3.7471     0.0849     0.0000     0.0000     2.6152     2.6435          2 0.0000e+00
      6.000     9.3906     9.4003  34.488377  34.482056    31.8772    31.8622       4610      27.86    6.55751    6.63003     1.4515    79.6130    1483.91    24.6128    24.5996     1.3928     0.0000     3.7412     0.0850     0.0000     0.0000     2.6142     2.6426          3 0.0000e+00
      6.200     9.3635     9.4007  34.496651  34.481518    31.9102    31.8609       4623      27.45    6.55245    6.62102     1.5698    79.6068    1483.85    24.6429    24.5986     1.3727     0.0000     3.7410     0.0898     0.0000     0.0000     2.6126     2.6416          6 0.0000e+00
      6.400     9.3630     9.4143  34.502579  34.485455    31.9160    31.8518       4651      26.86    6.53170    6.59931     1.4736    80.1388    1483.86    24.6476    24.5893     1.3430     0.0000     3.7659     0.0860     0.0000     0.0000     2.6090     2.6386          5 0.0000e+00
      6.600     9.2867     9.3193  34.537209  34.522144    32.0211    31.9762       4675      26.55    6.54886    6.61007     1.3727    80.4982    1483.71    24.7417    24.7015     1.3274     0.0000     3.7828     0.0819     0.0000     0.0000     2.6081     2.6374          5 0.0000e+00
      6.800     9.2497     9.2748  34.553627  34.541122    32.0717    32.0364       4689      26.40    6.55208    6.61689     1.4437    80.5947    1483.64    24.7871    24.7555     1.3200     0.0000     3.7873     0.0848     0.0000     0.0000     2.6063     2.6365          3 0.0000e+00
      7.000     9.2341     9.2449  34.564682  34.557323    32.0971    32.0802       4700      26.32    6.53940    6.61304     1.4676    80.5322    1483.62    24.8094    24.7945     1.3159     0.0000     3.7844     0.0857     0.0000     0.0000     2.6042     2.6350          4 0.0000e+00
      7.200     9.2005     9.2208  34.582893  34.571671    32.1465    32.1168       4711      26.22    6.52751    6.60519     1.7631    80.5072    1483.55    24.8534    24.8269     1.3107     0.0000     3.7832     0.0975     0.0000     0.0000     2.6025     2.6333          4 0.0000e+00
      7.400     9.1654     9.1852  34.596275  34.588787    32.1925    32.1671       4721      26.03    6.52339    6.59680     1.8340    80.4668    1483.48    24.8948    24.8718     1.3014     0.0000     3.7813     0.1003     0.0000     0.0000     2.6010     2.6316          3 0.0000e+00
      7.600     9.1449     9.1651  34.608521  34.602222    32.2235    32.1988       4738      25.51    6.52284    6.59073     1.5557    80.9855    1483.45    24.9222    24.8998     1.2754     0.0000     3.8057     0.0892     0.0000     0.0000     2.5991     2.6298          6 0.0000e+00
      7.800     9.0931     9.1513  34.630936  34.611641    32.2942    32.2205       4754      24.82    6.52552    6.58243     1.5377    81.2442    1483.35    24.9856    24.9189     1.2408     0.0000     3.8178     0.0885     0.0000     0.0000     2.5970     2.6269          2 0.0000e+00
      8.000     9.0377     9.0849  34.660248  34.639622    32.3754    32.3106       4775      25.04    6.53150    6.58032     1.5775    81.4453    1483.25    25.0577    24.9997     1.2521     0.0000     3.8272     0.0901     0.0000     0.0000     2.5955     2.6242          4 0.0000e+00
      8.200     8.9764     9.0014  34.689369  34.677280    32.4625    32.4272       4789      24.99    6.52549    6.58328     1.5319    81.6454    1483.13    25.1354    25.1039     1.2494     0.0000     3.8366     0.0883     0.0000     0.0000     2.5929     2.6223          3 0.0000e+00
      8.400     8.9495     8.9704  34.701004  34.692509    32.4992    32.4715       4800      24.89    6.50859    6.57985     1.4808    81.8970    1483.08    25.1683    25.1434     1.2445     0.0000     3.8484     0.0862     0.0000     0.0000     2.5898     2.6201          5 0.0000e+00
      8.600     8.9006     8.9356  34.728813  34.710205    32.5735    32.5219       4812      24.75    6.49068    6.56778     1.4204    81.8479    1482.99    25.2340    25.1882     1.2372     0.0000     3.8461     0.0838     0.0000     0.0000     2.5861     2.6170          3 0.0000e+00
      8.800     8.8754     8.9036  34.749920  34.734219    32.6185    32.5762       4825      24.57    6.47480    6.55733     1.4415    81.7963    1482.96    25.2732    25.2357     1.2282     0.0000     3.8437     0.0847     0.0000     0.0000     2.5827     2.6144          5 0.0000e+00
      9.000     8.8334     8.8759  34.791927  34.761086    32.7009    32.6292       4844      24.31    6.46471    6.54458     1.4880    82.0038    1482.90    25.3442    25.2815     1.2151     0.0000     3.8535     0.0865     0.0000     0.0000     2.5782     2.6102          4 0.0000e+00
      9.200     8.7356     8.7988  34.861870  34.823067    32.8659    32.7659       4865      24.03    6.46346    6.53397     1.5210    82.1184    1482.75    25.4883    25.4004     1.2017     0.0000     3.8588     0.0878     0.0000     0.0000     2.5730     2.6052          5 0.0000e+00
      9.400     8.6697     8.6904  34.908493  34.895149    32.9770    32.9441       4878      23.89    6.45662    6.53611     1.4934    82.1594    1482.64    25.5855    25.5565     1.1944     0.0000     3.8607     0.0867     0.0000     0.0000     2.5699     2.6029          3 0.0000e+00
      9.600     8.5817     8.6179  34.990498  34.950481    33.1470    33.0709       4890      23.72    6.44821    6.53216     1.5024    82.1607    1482.52    25.7322    25.6670     1.1857     0.0000     3.8608     0.0871     0.0000     0.0000     2.5662     2.5995          3 0.0000e+00
      9.800     8.5129     8.5550  35.043755  35.027470    33.2688    33.2117       4900      23.54    6.43834    6.51882     1.5589    82.2906    1482.43    25.8381    25.7869     1.1768     0.0000     3.8669     0.0893     0.0000     0.0000     2.5625     2.5954          2 0.0000e+00
     10.000     8.3951     8.4577  34.999344  35.014641    33.3357    33.2917       4911      23.39    6.44188    6.51260     1.5460    82.3026    1482.07    25.9083    25.8644     1.1695     0.0000     3.8675     0.0888     0.0000     0.0000     2.5591     2.5921          4 0.0000e+00
     10.200     8.2396     8.3059  34.961849  34.976376    33.4464    33.3978       4925      23.18    6.43806    6.50973     1.5150    82.4470    1481.62    26.0184    25.9704     1.1588     0.0000     3.8743     0.0876     0.0000     0.0000     2.5541     2.5872          5 0.0000e+00
     10.400     8.2175     8.2156  34.957306  34.950165    33.4612    33.4566       4941      22.92    6.41020    6.50166     1.4689    82.6979    1481.56    26.0334    26.0301     1.1461     0.0000     3.8860     0.0858     0.0000     0.0000     2.5470     2.5816          3 0.0000e+00
     10.600     8.1562     8.2087  34.949127  34.950226    33.5105    33.4610       4960      22.68    6.38677    6.47837     1.4612    80.8819    1481.39    26.0812    26.0346     1.1339     0.0000     3.8008     0.0854     0.0000     0.0000     2.5392     2.5747          4 0.0000e+00
     10.800     8.0578     8.0714  34.926323  34.928043    33.5807    33.5703       4981      22.46    6.36950    6.46452     1.4697    82.7345    1481.11    26.1509    26.1407     1.1229     0.0000     3.8877     0.0858     0.0000     0.0000     2.5296     2.5662          4 0.0000e+00
     11.000     8.0257     8.0383  34.914059  34.917027    33.5977    33.5895       4994      22.32    6.34179    6.43661     1.2806    83.3800    1481.01    26.1690    26.1606     1.1161     0.0000     3.9180     0.0782     0.0000     0.0000     2.5224     2.5585          5 0.0000e+00
     11.200     8.0079     8.0086  34.907169  34.906288    33.6068    33.6062       5004      22.17    6.31613    6.40803     1.2887    83.0048    1480.96    26.1788    26.1782     1.1085     0.0000     3.9004     0.0785     0.0000     0.0000     2.5168     2.5522          3 0.0000e+00
     11.400     8.0028     8.0011  34.906380  34.903770    33.6099    33.6097       5014      22.00    6.29386    6.37563     1.3207    82.9019    1480.95    26.1819    26.1820     1.1000     0.0000     3.8956     0.0798     0.0000     0.0000     2.5112     2.5459          5 0.0000e+00
     11.600     8.0003     7.9997  34.906376  34.902962    33.6111    33.6090       5024      21.81    6.27104    6.34305     1.3091    82.7328    1480.95    26.1832    26.1817     1.0904     0.0000     3.8877     0.0794     0.0000     0.0000     2.5047     2.5389          3 0.0000e+00
     11.800     8.0016     8.0013  34.907364  34.904617    33.6095    33.6078       5037      21.59    6.24686    6.30883     1.1835    82.5133    1480.95    26.1818    26.1804     1.0792     0.0000     3.8774     0.0744     0.0000     0.0000     2.4976     2.5297          5 0.0000e+00
     12.000     8.0052     8.0156  34.910538  34.912262    33.6078    33.6001       5054      21.34    6.22091    6.27606     1.0868    81.9434    1480.96    26.1800    26.1723     1.0669     0.0000     3.8506     0.0705     0.0000     0.0000     2.4889     2.5199          3 0.0000e+00
     12.200     7.9986     8.0089  34.906345  34.910851    33.6080    33.6033       5076      21.01    6.19425    6.25978     0.9446    80.8861    1480.94    26.1809    26.1758     1.0506     0.0000     3.8009     0.0648     0.0000     0.0000     2.4776     2.5098          1 0.0000e+00
     12.400     7.9985     8.0021  34.907135  34.907242    33.6081    33.6053       5087      20.91    6.19632    6.26389     1.0537    81.3281    1480.95    26.1811    26.1784     1.0458     0.0000     3.8217     0.0692     0.0000     0.0000     2.4751     2.5061          3 0.0000e+00
     12.600     7.9946     7.9950  34.905964  34.903286    33.6097    33.6070       5101      20.74    6.19322    6.26979     1.0057    81.1737    1480.94    26.1830    26.1808     1.0371     0.0000     3.8145     0.0672     0.0000     0.0000     2.4704     2.5024          2 0.0000e+00
     12.800     7.9854     7.9885  34.902489  34.901417    33.6139    33.6102       5117      20.54    6.19446    6.27503     0.9362    81.0957    1480.91    26.1876    26.1843     1.0270     0.0000     3.8108     0.0644     0.0000     0.0000     2.4662     2.4980          3 0.0000e+00
     13.000     7.9825     7.9838  34.901951  34.900200    33.6154    33.6127       5131      20.36    6.20044    6.28006     1.0205    81.0846    1480.91    26.1892    26.1869     1.0181     0.0000     3.8103     0.0679     0.0000     0.0000     2.4638     2.4955          3 0.0000e+00
     13.200     7.9813     7.9817  34.901726  34.900146    33.6156    33.6140       5143      20.18    6.20319    6.27750     0.9950    80.9207    1480.90    26.1895    26.1882     1.0091     0.0000     3.8026     0.0668     0.0000     0.0000     2.4620     2.4931          4 0.0000e+00
