dhe531_21_1.cnv
* Sea-Bird SBE 9 Data File:
* FileName = C:\CTD\HE-531\conf1\raw\HE531_21_1.hex
* Software Version Seasave V 7.23.1
* Temperature SN = 5354
* Conductivity SN = 2470
* Number of Bytes Per Scan = 40
* Number of Voltage Words = 5
* Number of Scans Averaged by the Deck Unit = 1
* NMEA Latitude = 54 06.26 N
* NMEA Longitude = 007 58.53 E
* NMEA UTC (Time) = Apr 30 2019  06:44:34
* NMEA baud rate = 4800
** Ship: RV Heincke
** Cruise: HE-531
**   PChoudhary
** HE531_21_1
# nquan = 26
# nvalues = 142                         
# units = specified
# name 0 = prDM: Pressure, Digiquartz [db]
# name 1 = t090C: Temperature [ITS-90, deg C]
# name 2 = t190C: Temperature, 2 [ITS-90, deg C]
# name 3 = c0mS/cm: Conductivity [mS/cm]
# name 4 = c1mS/cm: Conductivity, 2 [mS/cm]
# name 5 = sal00: Salinity, Practical [PSU]
# name 6 = sal11: Salinity, Practical, 2 [PSU]
# name 7 = scan: Scan Count
# name 8 = altM: Altimeter [m]
# name 9 = sbeox0ML/L: Oxygen, SBE 43 [ml/l]
# name 10 = sbeox1ML/L: Oxygen, SBE 43, 2 [ml/l]
# name 11 = flECO-AFL: Fluorescence, WET Labs ECO-AFL/FL [mg/m^3]
# name 12 = CStarTr0: Beam Transmission, WET Labs C-Star [%]
# name 13 = svCM: Sound Velocity [Chen-Millero, m/s]
# name 14 = sigma-é00: Density [sigma-theta, kg/m^3]
# name 15 = sigma-é11: Density, 2 [sigma-theta, kg/m^3]
# name 16 = v0: Voltage 0
# name 17 = v1: Voltage 1
# name 18 = v2: Voltage 2
# name 19 = v3: Voltage 3
# name 20 = v4: Voltage 4
# name 21 = v5: Voltage 5
# name 22 = v6: Voltage 6
# name 23 = v7: Voltage 7
# name 24 = nbin: number of scans per bin
# name 25 = flag: flag
# span 0 =      2.400,     30.600       
# span 1 =     7.8698,     9.6836       
# span 2 =     7.8722,     9.6994       
# span 3 =  34.199385,  35.060134       
# span 4 =  34.167463,  35.059390       
# span 5 =    31.3203,    33.7778       
# span 6 =    31.2782,    33.7775       
# span 7 =       4304,       7811       
# span 8 =       2.99,      31.21       
# span 9 =    6.08872,    6.61446       
# span 10 =    6.15433,    6.65808      
# span 11 =     0.6954,     1.8340      
# span 12 =    67.4058,    83.3800      
# span 13 =    1480.65,    1484.28      
# span 14 =    24.1313,    26.3187      
# span 15 =    24.0966,    26.3186      
# span 16 =     0.1499,     1.5602      
# span 17 =     0.0000,     0.0000      
# span 18 =     3.1684,     3.9180      
# span 19 =     0.0548,     0.1003      
# span 20 =     0.0000,     0.0000      
# span 21 =     0.0000,     0.0000      
# span 22 =     2.4140,     2.6307      
# span 23 =     2.4420,     2.6541      
# span 24 =          1,          8      
# span 25 = 0.0000e+00, 0.0000e+00      
# interval = decibars: 0.2              
# start_time = Apr 30 2019 06:44:34 [NMEA time, header]
# bad_flag = -9.990e-29
*END*
[from data line 56]
     13.600     7.9669     7.9726  34.898285  34.897640    33.6246    33.6187       5169      19.81    6.20878    6.27273     1.2391    80.7246    1480.87    26.1987    26.1933     0.9907     0.0000     3.7935     0.0765     0.0000     0.0000     2.4594     2.4892          4 0.0000e+00
     13.800     7.9680     7.9659  34.899139  34.895992    33.6235    33.6227       5188      19.53    6.20610    6.26486     1.1006    80.1447    1480.88    26.1977    26.1974     0.9767     0.0000     3.7662     0.0710     0.0000     0.0000     2.4570     2.4863          3 0.0000e+00
     14.000     7.9620     7.9646  34.896687  34.896812    33.6260    33.6239       5206      19.29    6.19799    6.25907     0.9210    79.7359    1480.86    26.2006    26.1986     0.9644     0.0000     3.7470     0.0638     0.0000     0.0000     2.4546     2.4839          3 0.0000e+00
     14.200     7.9515     7.9621  34.894180  34.895451    33.6335    33.6247       5211      19.26    6.19732    6.25631     0.9447    79.7753    1480.83    26.2080    26.1995     0.9630     0.0000     3.7489     0.0648     0.0000     0.0000     2.4544     2.4827          1 0.0000e+00
     14.400     7.9278     7.9383  34.887577  34.888733    33.6489    33.6401       5234      18.96    6.20222    6.25225     0.9493    79.2353    1480.76    26.2235    26.2151     0.9479     0.0000     3.7235     0.0650     0.0000     0.0000     2.4529     2.4800          5 0.0000e+00
     14.600     7.9235     7.9276  34.886539  34.885841    33.6517    33.6471       5244      18.81    6.19741    6.24883     1.0103    78.5669    1480.76    26.2264    26.2222     0.9407     0.0000     3.6921     0.0674     0.0000     0.0000     2.4509     2.4783          2 0.0000e+00
     14.800     7.9203     7.9201  34.885387  34.883732    33.6529    33.6517       5259      18.58    6.18273    6.24290     1.0192    77.9698    1480.75    26.2278    26.2269     0.9293     0.0000     3.6641     0.0678     0.0000     0.0000     2.4481     2.4762          4 0.0000e+00
     15.000     7.9188     7.9187  34.885193  34.883793    33.6536    33.6527       5271      18.38    6.17093    6.23080     1.0645    77.4817    1480.74    26.2287    26.2279     0.9191     0.0000     3.6412     0.0696     0.0000     0.0000     2.4465     2.4733          3 0.0000e+00
     15.200     7.9194     7.9187  34.886452  34.883915    33.6538    33.6521       5287      18.18    6.15818    6.21570     0.9460    77.0214    1480.75    26.2287    26.2274     0.9087     0.0000     3.6196     0.0649     0.0000     0.0000     2.4436     2.4702          4 0.0000e+00
     15.400     7.9188     7.9182  34.886307  34.884686    33.6538    33.6529       5302      17.97    6.15039    6.20432     0.8351    76.7673    1480.75    26.2288    26.2281     0.8982     0.0000     3.6077     0.0604     0.0000     0.0000     2.4409     2.4673          3 0.0000e+00
     15.600     7.9122     7.9151  34.884666  34.883995    33.6581    33.6547       5319      17.73    6.14264    6.19342     0.9451    76.3083    1480.74    26.2330    26.2300     0.8867     0.0000     3.5862     0.0648     0.0000     0.0000     2.4381     2.4638          4 0.0000e+00
     15.800     7.9028     7.9043  34.882793  34.881493    33.6649    33.6623       5335      17.54    6.13784    6.18642     0.9817    75.8383    1480.71    26.2399    26.2375     0.8772     0.0000     3.5641     0.0663     0.0000     0.0000     2.4356     2.4609          3 0.0000e+00
     16.000     7.8897     7.8924  34.879910  34.878902    33.6744    33.6708       5349      17.37    6.13487    6.18158     0.9812    75.5812    1480.67    26.2492    26.2460     0.8684     0.0000     3.5520     0.0662     0.0000     0.0000     2.4336     2.4584          4 0.0000e+00
     16.200     7.8807     7.8811  34.878181  34.876957    33.6811    33.6795       5361      17.23    6.13121    6.17795     1.2853    75.0185    1480.65    26.2558    26.2545     0.8615     0.0000     3.5256     0.0784     0.0000     0.0000     2.4315     2.4559          2 0.0000e+00
     16.400     7.8797     7.8795  34.878410  34.876823    33.6820    33.6807       5370      17.08    6.12769    6.17876     1.2351    74.6241    1480.65    26.2566    26.2557     0.8541     0.0000     3.5071     0.0764     0.0000     0.0000     2.4305     2.4555          2 0.0000e+00
     16.600     7.8796     7.8790  34.878937  34.877151    33.6822    33.6810       5387      16.81    6.12262    6.17577     1.0048    73.5183    1480.66    26.2568    26.2560     0.8404     0.0000     3.4552     0.0672     0.0000     0.0000     2.4284     2.4532          3 0.0000e+00
     16.800     7.8809     7.8807  34.879253  34.878380    33.6808    33.6802       5407      16.54    6.11260    6.16912     1.1438    72.7998    1480.66    26.2555    26.2550     0.8268     0.0000     3.4215     0.0727     0.0000     0.0000     2.4252     2.4504          3 0.0000e+00
     17.000     7.8782     7.8791  34.879120  34.877979    33.6829    33.6810       5421      16.33    6.10750    6.16220     1.0995    72.5401    1480.66    26.2576    26.2559     0.8168     0.0000     3.4093     0.0710     0.0000     0.0000     2.4235     2.4487          3 0.0000e+00
     17.200     7.8742     7.8748  34.879784  34.878372    33.6873    33.6853       5434      16.19    6.10564    6.15866     0.8542    72.4278    1480.65    26.2617    26.2600     0.8093     0.0000     3.4041     0.0612     0.0000     0.0000     2.4225     2.4473          3 0.0000e+00
     17.400     7.8735     7.8730  34.879623  34.878635    33.6876    33.6871       5444      16.00    6.10197    6.16050     0.8855    72.2357    1480.65    26.2620    26.2616     0.7999     0.0000     3.3950     0.0624     0.0000     0.0000     2.4205     2.4468          3 0.0000e+00
     17.600     7.8698     7.8722  34.880322  34.878868    33.6917    33.6879       5455      15.84    6.09757    6.15738     0.9660    72.1958    1480.65    26.2657    26.2624     0.7921     0.0000     3.3932     0.0656     0.0000     0.0000     2.4194     2.4447          4 0.0000e+00
     17.800     7.8726     7.8728  34.888687  34.889896    33.6977    33.6989       5468      15.63    6.09345    6.15433     1.0866    72.3055    1480.67    26.2700    26.2709     0.7816     0.0000     3.3983     0.0705     0.0000     0.0000     2.4179     2.4438          4 0.0000e+00
     18.000     7.8737     7.8764  34.889717  34.889748    33.6972    33.6947       5492      15.37    6.09460    6.15783     1.2855    72.4367    1480.68    26.2695    26.2671     0.7686     0.0000     3.4045     0.0784     0.0000     0.0000     2.4168     2.4432          3 0.0000e+00
     18.200     7.8745     7.8750  34.892879  34.886608    33.6994    33.6922       5519      15.06    6.10538    6.17163     0.6954    72.5132    1480.68    26.2711    26.2654     0.7531     0.0000     3.4080     0.0548     0.0000     0.0000     2.4161     2.4432          1 0.0000e+00
     18.400     7.8796     7.8805  34.907883  34.907360    33.7103    33.7090       5524      15.00    6.10250    6.16778     0.9627    72.5331    1480.72    26.2789    26.2778     0.7499     0.0000     3.4090     0.0655     0.0000     0.0000     2.4156     2.4432          3 0.0000e+00
     18.600     7.8863     7.8868  34.922695  34.924500    33.7194    33.7209       5537      14.81    6.09978    6.16371     1.0456    72.5901    1480.76    26.2851    26.2862     0.7407     0.0000     3.4117     0.0688     0.0000     0.0000     2.4151     2.4423          4 0.0000e+00
     18.800     7.8950     7.8928  34.938179  34.934551    33.7271    33.7255       5547      14.64    6.09104    6.16255     1.3059    72.6360    1480.81    26.2899    26.2889     0.7318     0.0000     3.4138     0.0793     0.0000     0.0000     2.4140     2.4424          3 0.0000e+00
     19.000     7.8952     7.8949  34.940929  34.937790    33.7297    33.7266       5556      14.52    6.09116    6.15939     1.3420    72.6673    1480.82    26.2918    26.2895     0.7259     0.0000     3.4152     0.0807     0.0000     0.0000     2.4146     2.4420          2 0.0000e+00
     19.200     7.9216     7.9111  34.984062  34.967983    33.7496    33.7428       5569      14.25    6.08872    6.15891     0.9909    72.4707    1480.94    26.3036    26.2998     0.7125     0.0000     3.4061     0.0666     0.0000     0.0000     2.4145     2.4430          4 0.0000e+00
     19.400     7.9206     7.9206  34.981796  34.977890    33.7480    33.7439       5590      13.98    6.10780    6.16297     0.9602    72.5190    1480.94    26.3026    26.2993     0.6992     0.0000     3.4083     0.0654     0.0000     0.0000     2.4165     2.4432          3 0.0000e+00
     19.600     7.9193     7.9147  34.979267  34.968372    33.7465    33.7395       5613      13.78    6.12109    6.17538     1.1126    72.6363    1480.94    26.3016    26.2967     0.6892     0.0000     3.4138     0.0715     0.0000     0.0000     2.4179     2.4443          3 0.0000e+00
     19.800     7.9247     7.9220  34.989052  34.984310    33.7515    33.7491       5633      13.57    6.12863    6.17490     1.0836    72.8545    1480.97    26.3047    26.3032     0.6785     0.0000     3.4241     0.0704     0.0000     0.0000     2.4197     2.4449          3 0.0000e+00
     20.000     7.9250     7.9211  34.990257  34.981892    33.7524    33.7473       5643      13.43    6.12935    6.17394     0.9200    72.8073    1480.97    26.3053    26.3019     0.6715     0.0000     3.4218     0.0638     0.0000     0.0000     2.4203     2.4452          3 0.0000e+00
     20.200     7.9316     7.9289  35.000759  34.996845    33.7570    33.7554       5652      13.24    6.13277    6.17396     0.9021    72.8120    1481.01    26.3080    26.3071     0.6619     0.0000     3.4221     0.0631     0.0000     0.0000     2.4212     2.4457          3 0.0000e+00
     20.400     7.9330     7.9322  35.002701  35.001022    33.7576    33.7566       5660      13.07    6.13311    6.17445     1.0583    72.7092    1481.02    26.3083    26.3076     0.6535     0.0000     3.4172     0.0693     0.0000     0.0000     2.4215     2.4457          4 0.0000e+00
     20.600     7.9343     7.9331  35.004574  35.002102    33.7582    33.7568       5668      12.91    6.13285    6.17417     1.1141    72.2141    1481.03    26.3086    26.3076     0.6456     0.0000     3.3940     0.0715     0.0000     0.0000     2.4221     2.4457          4 0.0000e+00
     20.800     7.9342     7.9331  35.004517  35.002342    33.7582    33.7569       5679      12.68    6.13223    6.17721     1.1635    72.2278    1481.03    26.3086    26.3077     0.6341     0.0000     3.3946     0.0735     0.0000     0.0000     2.4225     2.4466          4 0.0000e+00
     21.000     7.9318     7.9309  35.000435  34.997326    33.7562    33.7537       5704      12.38    6.12544    6.18418     1.1753    72.4339    1481.02    26.3073    26.3055     0.6189     0.0000     3.4043     0.0740     0.0000     0.0000     2.4225     2.4477          5 0.0000e+00
     21.200     7.9288     7.9304  34.996387  34.998013    33.7548    33.7549       5738      12.11    6.12418    6.18634     0.7299    72.8756    1481.01    26.3066    26.3065     0.6056     0.0000     3.4251     0.0562     0.0000     0.0000     2.4231     2.4489          3 0.0000e+00
     21.400     7.9328     7.9323  35.002132  35.000595    33.7568    33.7557       5742      12.03    6.12908    6.18027     0.8060    72.8054    1481.03    26.3077    26.3069     0.6016     0.0000     3.4218     0.0592     0.0000     0.0000     2.4236     2.4481          3 0.0000e+00
     21.600     7.9363     7.9345  35.007092  35.005981    33.7585    33.7592       5757      11.82    6.13034    6.17661     1.0752    72.8509    1481.05    26.3086    26.3093     0.5911     0.0000     3.4239     0.0700     0.0000     0.0000     2.4237     2.4481          3 0.0000e+00
     21.800     7.9384     7.9351  35.011532  35.004608    33.7612    33.7570       5766      11.69    6.12611    6.17707     1.0341    72.5607    1481.06    26.3103    26.3075     0.5842     0.0000     3.4103     0.0684     0.0000     0.0000     2.4233     2.4481          3 0.0000e+00
     22.000     7.9364     7.9369  35.008743  35.008240    33.7601    33.7590       5778      11.48    6.12340    6.17942     1.1582    72.3245    1481.06    26.3098    26.3088     0.5740     0.0000     3.3992     0.0733     0.0000     0.0000     2.4232     2.4486          5 0.0000e+00
     22.200     7.9424     7.9382  35.017567  35.009636    33.7635    33.7592       5794      11.25    6.12298    6.18440     1.2222    72.2856    1481.09    26.3116    26.3088     0.5627     0.0000     3.3973     0.0759     0.0000     0.0000     2.4233     2.4492          3 0.0000e+00
     22.400     7.9487     7.9436  35.027096  35.018776    33.7674    33.7635       5811      11.03    6.12201    6.18543     1.3911    72.2421    1481.12    26.3137    26.3114     0.5514     0.0000     3.3953     0.0826     0.0000     0.0000     2.4231     2.4493          4 0.0000e+00
     22.600     7.9486     7.9479  35.026947  35.025768    33.7673    33.7667       5828      10.83    6.12292    6.18242     1.0145    72.0570    1481.12    26.3136    26.3133     0.5417     0.0000     3.3866     0.0676     0.0000     0.0000     2.4235     2.4493          5 0.0000e+00
     22.800     7.9475     7.9485  35.025757  35.025963    33.7671    33.7663       5840      10.65    6.12269    6.18006     0.9533    71.9532    1481.12    26.3137    26.3128     0.5324     0.0000     3.3818     0.0652     0.0000     0.0000     2.4234     2.4493          4 0.0000e+00
     23.000     7.9459     7.9475  35.024052  35.025166    33.7668    33.7663       5852      10.47    6.11754    6.18022     0.8060    71.6817    1481.12    26.3136    26.3130     0.5236     0.0000     3.3690     0.0592     0.0000     0.0000     2.4223     2.4493          3 0.0000e+00
     23.200     7.9465     7.9484  35.025143  35.026489    33.7673    33.7668       5863      10.29    6.11555    6.17982     0.9460    71.6378    1481.13    26.3140    26.3133     0.5147     0.0000     3.3670     0.0649     0.0000     0.0000     2.4225     2.4493          3 0.0000e+00
     23.400     7.9444     7.9455  35.021873  35.022114    33.7658    33.7650       5880      10.05    6.11604    6.18279     0.9870    71.6721    1481.12    26.3131    26.3123     0.5026     0.0000     3.3686     0.0665     0.0000     0.0000     2.4222     2.4498          5 0.0000e+00
     23.600     7.9466     7.9467  35.025406  35.024372    33.7673    33.7661       5896       9.86    6.12029    6.18858     0.9466    71.9284    1481.13    26.3140    26.3130     0.4930     0.0000     3.3806     0.0649     0.0000     0.0000     2.4225     2.4504          3 0.0000e+00
     23.800     7.9506     7.9478  35.031361  35.026279    33.7696    33.7670       5912       9.65    6.12723    6.18965     1.1504    72.1052    1481.15    26.3152    26.3135     0.4825     0.0000     3.3889     0.0730     0.0000     0.0000     2.4234     2.4505          5 0.0000e+00
     24.000     7.9523     7.9499  35.033493  35.029209    33.7702    33.7679       5924       9.48    6.13051    6.18999     1.3562    72.1181    1481.16    26.3154    26.3140     0.4737     0.0000     3.3895     0.0812     0.0000     0.0000     2.4237     2.4511          4 0.0000e+00
     24.200     7.9559     7.9520  35.038776  35.033054    33.7722    33.7699       5935       9.30    6.13132    6.18691     1.4067    72.0866    1481.18    26.3164    26.3152     0.4649     0.0000     3.3881     0.0833     0.0000     0.0000     2.4240     2.4505          4 0.0000e+00
     24.400     7.9551     7.9534  35.038330  35.034740    33.7724    33.7703       5947       9.12    6.13039    6.18248     1.4791    71.8340    1481.18    26.3167    26.3153     0.4562     0.0000     3.3762     0.0862     0.0000     0.0000     2.4241     2.4501          3 0.0000e+00
