dhe531_21_1.cnv
* Sea-Bird SBE 9 Data File:
* FileName = C:\CTD\HE-531\conf1\raw\HE531_21_1.hex
* Software Version Seasave V 7.23.1
* Temperature SN = 5354
* Conductivity SN = 2470
* Number of Bytes Per Scan = 40
* Number of Voltage Words = 5
* Number of Scans Averaged by the Deck Unit = 1
* NMEA Latitude = 54 06.26 N
* NMEA Longitude = 007 58.53 E
* NMEA UTC (Time) = Apr 30 2019  06:44:34
* NMEA baud rate = 4800
** Ship: RV Heincke
** Cruise: HE-531
**   PChoudhary
** HE531_21_1
# nquan = 26
# nvalues = 142                         
# units = specified
# name 0 = prDM: Pressure, Digiquartz [db]
# name 1 = t090C: Temperature [ITS-90, deg C]
# name 2 = t190C: Temperature, 2 [ITS-90, deg C]
# name 3 = c0mS/cm: Conductivity [mS/cm]
# name 4 = c1mS/cm: Conductivity, 2 [mS/cm]
# name 5 = sal00: Salinity, Practical [PSU]
# name 6 = sal11: Salinity, Practical, 2 [PSU]
# name 7 = scan: Scan Count
# name 8 = altM: Altimeter [m]
# name 9 = sbeox0ML/L: Oxygen, SBE 43 [ml/l]
# name 10 = sbeox1ML/L: Oxygen, SBE 43, 2 [ml/l]
# name 11 = flECO-AFL: Fluorescence, WET Labs ECO-AFL/FL [mg/m^3]
# name 12 = CStarTr0: Beam Transmission, WET Labs C-Star [%]
# name 13 = svCM: Sound Velocity [Chen-Millero, m/s]
# name 14 = sigma-é00: Density [sigma-theta, kg/m^3]
# name 15 = sigma-é11: Density, 2 [sigma-theta, kg/m^3]
# name 16 = v0: Voltage 0
# name 17 = v1: Voltage 1
# name 18 = v2: Voltage 2
# name 19 = v3: Voltage 3
# name 20 = v4: Voltage 4
# name 21 = v5: Voltage 5
# name 22 = v6: Voltage 6
# name 23 = v7: Voltage 7
# name 24 = nbin: number of scans per bin
# name 25 = flag: flag
# span 0 =      2.400,     30.600       
# span 1 =     7.8698,     9.6836       
# span 2 =     7.8722,     9.6994       
# span 3 =  34.199385,  35.060134       
# span 4 =  34.167463,  35.059390       
# span 5 =    31.3203,    33.7778       
# span 6 =    31.2782,    33.7775       
# span 7 =       4304,       7811       
# span 8 =       2.99,      31.21       
# span 9 =    6.08872,    6.61446       
# span 10 =    6.15433,    6.65808      
# span 11 =     0.6954,     1.8340      
# span 12 =    67.4058,    83.3800      
# span 13 =    1480.65,    1484.28      
# span 14 =    24.1313,    26.3187      
# span 15 =    24.0966,    26.3186      
# span 16 =     0.1499,     1.5602      
# span 17 =     0.0000,     0.0000      
# span 18 =     3.1684,     3.9180      
# span 19 =     0.0548,     0.1003      
# span 20 =     0.0000,     0.0000      
# span 21 =     0.0000,     0.0000      
# span 22 =     2.4140,     2.6307      
# span 23 =     2.4420,     2.6541      
# span 24 =          1,          8      
# span 25 = 0.0000e+00, 0.0000e+00      
# interval = decibars: 0.2              
# start_time = Apr 30 2019 06:44:34 [NMEA time, header]
# bad_flag = -9.990e-29
*END*
[from data line 112]
     24.800     7.9554     7.9548  35.038433  35.036446    33.7721    33.7706       5986       8.63    6.12221    6.17979     1.0773    71.3434    1481.19    26.3164    26.3153     0.4315     0.0000     3.3531     0.0701     0.0000     0.0000     2.4237     2.4501          4 0.0000e+00
     25.000     7.9563     7.9560  35.039566  35.038219    33.7724    33.7712       6007       8.42    6.12616    6.19325     0.8471    71.2989    1481.20    26.3165    26.3156     0.4209     0.0000     3.3510     0.0609     0.0000     0.0000     2.4242     2.4511          5 0.0000e+00
     25.200     7.9574     7.9567  35.040997  35.039230    33.7727    33.7715       6019       8.28    6.13098    6.19762     0.8996    71.3559    1481.21    26.3166    26.3158     0.4138     0.0000     3.3537     0.0630     0.0000     0.0000     2.4248     2.4517          4 0.0000e+00
     25.400     7.9578     7.9577  35.041767  35.040821    33.7731    33.7721       6031       8.09    6.13332    6.19295     1.0095    70.7649    1481.21    26.3169    26.3162     0.4045     0.0000     3.3260     0.0674     0.0000     0.0000     2.4249     2.4510          3 0.0000e+00
     25.600     7.9575     7.9580  35.040913  35.041008    33.7725    33.7720       6042       7.90    6.13211    6.18729     1.0618    70.6712    1481.21    26.3165    26.3160     0.3950     0.0000     3.3216     0.0695     0.0000     0.0000     2.4247     2.4512          6 0.0000e+00
     25.800     7.9577     7.9572  35.041759  35.040024    33.7730    33.7717       6053       7.73    6.13021    6.18438     0.8538    70.6335    1481.22    26.3168    26.3158     0.3863     0.0000     3.3198     0.0612     0.0000     0.0000     2.4245     2.4514          3 0.0000e+00
     26.000     7.9587     7.9574  35.042763  35.040154    33.7731    33.7715       6065       7.53    6.12940    6.18385     0.7685    70.6466    1481.22    26.3168    26.3157     0.3765     0.0000     3.3205     0.0577     0.0000     0.0000     2.4249     2.4510          5 0.0000e+00
     26.200     7.9590     7.9577  35.043392  35.040855    33.7734    33.7719       6079       7.32    6.12820    6.18603     0.8757    70.6519    1481.23    26.3169    26.3160     0.3662     0.0000     3.3207     0.0620     0.0000     0.0000     2.4249     2.4509          3 0.0000e+00
     26.400     7.9589     7.9579  35.043182  35.041382    33.7732    33.7722       6096       7.07    6.12364    6.18672     1.0110    70.5120    1481.23    26.3168    26.3161     0.3532     0.0000     3.3141     0.0674     0.0000     0.0000     2.4240     2.4511          4 0.0000e+00
     26.600     7.9596     7.9590  35.044216  35.042065    33.7735    33.7718       6111       6.89    6.11974    6.19038     1.0746    70.7114    1481.24    26.3170    26.3157     0.3448     0.0000     3.3235     0.0700     0.0000     0.0000     2.4237     2.4518          3 0.0000e+00
     26.800     7.9600     7.9599  35.044605  35.043941    33.7734    33.7728       6128       6.67    6.12220    6.19146     0.9896    70.7528    1481.24    26.3168    26.3163     0.3334     0.0000     3.3254     0.0666     0.0000     0.0000     2.4237     2.4518          5 0.0000e+00
     27.000     7.9596     7.9597  35.044533  35.043629    33.7736    33.7726       6143       6.46    6.12321    6.19132     1.2332    70.7407    1481.25    26.3170    26.3162     0.3232     0.0000     3.3249     0.0763     0.0000     0.0000     2.4234     2.4518          4 0.0000e+00
     27.200     7.9589     7.9571  35.043739  35.039867    33.7734    33.7711       6157       6.30    6.12109    6.19043     1.5768    70.8602    1481.24    26.3170    26.3155     0.3151     0.0000     3.3305     0.0901     0.0000     0.0000     2.4232     2.4518          5 0.0000e+00
     27.400     7.9579     7.9570  35.042416  35.040585    33.7729    33.7719       6170       6.09    6.11587    6.19290     1.2678    70.6523    1481.24    26.3167    26.3160     0.3045     0.0000     3.3207     0.0777     0.0000     0.0000     2.4225     2.4524          4 0.0000e+00
     27.600     7.9582     7.9582  35.042782  35.042103    33.7730    33.7722       6184       5.93    6.11770    6.18802     1.1783    70.5755    1481.25    26.3168    26.3161     0.2965     0.0000     3.3172     0.0742     0.0000     0.0000     2.4228     2.4517          4 0.0000e+00
     27.800     7.9578     7.9561  35.042324  35.038807    33.7728    33.7707       6196       5.74    6.12199    6.18848     1.3082    70.4178    1481.25    26.3167    26.3153     0.2870     0.0000     3.3097     0.0793     0.0000     0.0000     2.4231     2.4518          4 0.0000e+00
     28.000     7.9575     7.9573  35.042088  35.040737    33.7728    33.7714       6214       5.50    6.13042    6.18761     1.3015    70.7093    1481.25    26.3167    26.3157     0.2750     0.0000     3.3234     0.0791     0.0000     0.0000     2.4234     2.4518          4 0.0000e+00
     28.200     7.9584     7.9576  35.043377  35.041065    33.7732    33.7714       6232       5.27    6.13188    6.19054     1.1362    70.6714    1481.26    26.3169    26.3156     0.2636     0.0000     3.3216     0.0725     0.0000     0.0000     2.4237     2.4518          5 0.0000e+00
     28.400     7.9641     7.9624  35.050838  35.048256    33.7754    33.7743       6248       5.08    6.12843    6.18920     1.0850    70.2506    1481.29    26.3178    26.3171     0.2542     0.0000     3.3019     0.0704     0.0000     0.0000     2.4240     2.4518          4 0.0000e+00
     28.600     7.9631     7.9652  35.049774  35.050541    33.7751    33.7739       6263       4.89    6.12882    6.18840     1.0192    69.8744    1481.29    26.3177    26.3165     0.2445     0.0000     3.2842     0.0678     0.0000     0.0000     2.4244     2.4518          7 0.0000e+00
     28.800     7.9645     7.9652  35.051395  35.051434    33.7754    33.7747       6275       4.72    6.13140    6.18893     1.0035    69.0921    1481.29    26.3177    26.3171     0.2358     0.0000     3.2475     0.0672     0.0000     0.0000     2.4247     2.4518          6 0.0000e+00
     29.000     7.9653     7.9654  35.052475  35.052025    33.7758    33.7751       6287       4.51    6.13212    6.18928     0.9650    69.1593    1481.30    26.3179    26.3173     0.2257     0.0000     3.2507     0.0656     0.0000     0.0000     2.4246     2.4518          8 0.0000e+00
     29.200     7.9644     7.9643  35.051510  35.049934    33.7755    33.7739       6300       4.31    6.13030    6.18810     0.9739    69.2418    1481.30    26.3178    26.3166     0.2154     0.0000     3.2545     0.0659     0.0000     0.0000     2.4243     2.4515          4 0.0000e+00
     29.400     7.9661     7.9664  35.053383  35.053028    33.7757    33.7750       6315       4.11    6.11661    6.18196     1.4276    68.9957    1481.31    26.3178    26.3172     0.2056     0.0000     3.2429     0.0841     0.0000     0.0000     2.4226     2.4505          6 0.0000e+00
     29.600     7.9666     7.9661  35.054390  35.052876    33.7762    33.7751       6331       3.90    6.10839    6.17885     1.2076    68.9407    1481.32    26.3181    26.3172     0.1948     0.0000     3.2404     0.0753     0.0000     0.0000     2.4219     2.4502          5 0.0000e+00
     29.800     7.9676     7.9677  35.055897  35.055317    33.7768    33.7760       6344       3.79    6.11251    6.17877     1.0847    68.9644    1481.33    26.3184    26.3178     0.1893     0.0000     3.2415     0.0704     0.0000     0.0000     2.4220     2.4500          5 0.0000e+00
     30.000     7.9657     7.9666  35.053406  35.053276    33.7759    33.7748       6361       3.55    6.12004    6.18225     0.9122    69.0693    1481.32    26.3179    26.3169     0.1775     0.0000     3.2464     0.0635     0.0000     0.0000     2.4222     2.4502          4 0.0000e+00
     30.200     7.9639     7.9649  35.050766  35.051048    33.7749    33.7741       6478       3.23    6.12236    6.19282     1.0948    70.0119    1481.32    26.3174    26.3167     0.1613     0.0000     3.2907     0.0708     0.0000     0.0000     2.4225     2.4507          5 0.0000e+00
     30.400     7.9687     7.9694  35.057377  35.056927    33.7773    33.7761       7560       3.07    6.11584    6.18414     1.0584    69.4033    1481.34    26.3187    26.3175     0.1535     0.0000     3.2621     0.0693     0.0000     0.0000     2.4213     2.4498          3 0.0000e+00
     30.600     7.9710     7.9704  35.060135  35.059391    33.7778    33.7775       7811       2.99    6.11138    6.18293     0.9993    67.4058    1481.35    26.3187    26.3186     0.1499     0.0000     3.1684     0.0670     0.0000     0.0000     2.4199     2.4492          1 0.0000e+00
